Output/CurrentDensity_Green.asc
ncols         600
nrows         600
xllcorner     4.75000481326669e6
yllcorner     4.02000353357911e6
cellsize      100.0
NODATA_value  -9999.0
[rows 175 to 199 of 600, columns 0 to 56 of 600]
0.80051996 1.1450337 1.16751663 1.20002262 1.25933336 1.45278673 1.45028844 1.42372935 1.45075887 1.4012982 1.13361332 0.9570055 1.06281582 1.22738758 1.38637248 1.4344898 1.43235256 1.43794578 1.43877201 1.43012733 1.36964774 1.21566843 1.01680252 0.93885528 0.8958276 0.8995913 0.91567437 0.91847428 0.88286385 0.89040729 0.93889434 1.00287384 1.05548297 1.09181378 1.11991357 1.14777143 1.17612083 1.20387088 1.23039839 1.25534878 1.27848664 1.29955138 1.31833123 1.33475925 1.34897449 1.36134473 1.37212613 1.38110519 1.38822358 1.39508696 1.40429246 1.41626364 1.4278098 1.43446811 1.45605839 1.57617584 1.57472589
0.82786511 1.18519395 1.21110916 1.2501794 1.32087916 1.40447148 1.46128299 1.00337883 1.48600688 1.34844376 1.17296617 1.10034453 1.16160083 1.22508573 1.34556445 1.42440747 1.46028726 1.47952134 1.50985499 1.50970183 1.43334144 0.82127001 0.76016236 0.72644378 0.7631839 0.78250286 1.0863495 0.86385791 0.79422623 0.80635055 0.91464933 1.03388771 1.1025706 1.11935781 1.14040446 1.16543621 1.19350675 1.22286519 1.25115847 1.27737697 1.30134224 1.32299328 1.34220343 1.35901152 1.37357814 1.38609969 1.39674511 1.40577932 1.41372028 1.42149792 1.4300839 1.43987526 1.45086845 1.46618858 1.50103963 1.5105034 1.48184543
0.85243046 1.2192194 1.24364678 1.27729623 1.31834462 1.35167413 1.31371919 1.3699339 1.36288764 1.36930303 1.27214193 0.83780027 1.31733879 1.33393345 1.37695198 1.46234878 1.495385 1.51954777 1.53758669 1.57175574 0.83769864 0.74718825 0.73569825 0.72133892 0.70341405 1.46809807 0.7016662 0.62394273 0.68289874 0.65574175 0.70737187 1.14192508 1.15311042 1.14364759 1.16063767 1.18649158 1.21521277 1.24544059 1.27553798 1.30303683 1.32753493 1.34942317 1.36886453 1.38585742 1.40049654 1.41289932 1.42324771 1.43194783 1.4396292 1.4469536 1.4545286 1.46286785 1.47278699 1.48598358 1.49957871 1.50811706 1.52821768
0.87344434 1.24704587 1.26728475 1.29187975 1.31752174 1.33609931 1.35420633 1.41620926 1.62192632 0.88608725 0.90377117 1.37751139 1.34757666 1.38728211 1.40441222 1.47005485 1.56144491 1.17178366 1.7786211 1.03943004 0.81739199 0.7625827 0.76982352 0.79172621 0.91784565 0.87123122 0.77718688 0.58426601 0.69152723 0.62329307 0.63648821 1.09627644 1.15085962 1.14991119 1.17625721 1.20902049 1.24332388 1.27523597 1.30543847 1.33339929 1.3575832 1.37904882 1.39840032 1.41545331 1.43001243 1.44201824 1.45164595 1.45944637 1.46608847 1.47221676 1.47829343 1.484756 1.49202926 1.50007863 1.50801421 1.51565977 1.51966753
0.89111795 1.26992534 1.28583654 1.30390083 1.32212084 1.33995082 1.36382251 1.42340649 1.40161822 0.75223178 1.32690498 1.38872947 1.39488959 1.38476109 1.39854607 1.4160396 1.38354274 1.46398887 1.5299407 0.9496231 0.84168864 0.78172335 0.79217672 0.82580009 0.84441457 0.82462263 0.75687348 0.71396029 0.68819307 0.65078725 0.63174942 1.03592527 1.08526573 1.1479776 1.18561712 1.23450609 1.28034894 1.31728278 1.34539997 1.3697774 1.39163427 1.41166925 1.43071367 1.44800264 1.46257197 1.47388733 1.48215694 1.48829921 1.49326725 1.49765492 1.50181235 1.50591033 1.51007586 1.51428193 1.51835376 1.52178311 1.52396039
0.90613025 1.28937905 1.30193206 1.31561776 1.32926571 1.34208809 1.35313322 1.34500468 1.24144039 1.21449371 1.28389748 1.37467048 1.37901039 1.37980628 1.3780624 1.37316417 1.37191632 1.3756952 1.33884768 1.27210824 0.71872933 0.74374217 0.80896412 0.84658785 0.84750623 0.81629609 0.77501025 0.7426182 0.7178068 0.70239734 0.72923571 0.6707094 1.06689151 1.11324981 1.19648101 1.26458452 1.33786699 1.38093291 1.39942911 1.41263677 1.42860941 1.44612522 1.46533877 1.48396385 1.4991353 1.50931064 1.51509279 1.51847301 1.52109384 1.52351678 1.52556632 1.52706374 1.52805083 1.52870862 1.52919286 1.52959088 1.53004481
0.91922597 1.30660919 1.31680587 1.32752445 1.33763257 1.34535076 1.34614159 1.33033487 1.30673354 1.30003453 1.32504014 1.35833342 1.37572473 1.37166904 1.35847637 1.34352508 1.32950523 1.3056531 1.29351707 1.2651512 0.78352579 0.75030358 0.84469636 0.90804676 0.90469189 0.80218212 0.7831429 0.76241897 0.74429122 0.73617099 0.71832439 0.71537743 0.67193783 1.10583711 1.13085099 1.30152665 1.44957145 1.49235893 1.46492515 1.45844418 1.46486425 1.47945869 1.50115685 1.52453947 1.54213588 1.55001672 1.55055841 1.54920339 1.54913848 1.55001531 1.55022092 1.54895281 1.54644982 1.54332466 1.54019053 1.53757271 1.5359351
0.93101069 1.32241411 1.3310987 1.33998625 1.34802579 1.35353515 1.35408012 1.34904716 1.3427851 1.34286658 1.3515055 1.37805701 1.39079022 1.37519326 1.33564538 1.31344911 1.28934414 1.27128489 1.19320871 1.08677 0.98175339 0.92515765 0.98999304 1.20072832 0.69066399 0.75256308 0.84056191 0.75581512 0.75086685 0.74766652 0.62821764 0.64072334 0.69884165 0.84169252 0.89434421 1.05925596 1.68298197 1.60550969 1.5235956 1.49923153 1.4935355 1.50534588 1.53557241 1.57338753 1.59841752 1.5997202 1.58704611 1.57739927 1.57631326 1.57801771 1.57694485 1.57237834 1.56563262 1.55800831 1.55069874 1.54470088 1.54062193
0.94188597 1.33727397 1.34512338 1.35317908 1.36066813 1.36656562 1.36996784 1.37091138 1.37096577 1.37247619 1.37574565 1.41117344 1.52232061 1.31623788 1.28686824 1.32473865 1.22490208 1.21386301 1.24010629 0.79534872 1.07526525 1.05253703 1.0687381 1.06123021 0.60845875 1.16811158 0.6476858 0.7391704 0.71515245 0.60989673 0.61466083 0.63887347 0.67858833 0.68988393 0.78530139 1.06114267 1.75251887 1.65028135 1.56530175 1.52854419 1.50593835 1.50895386 1.56000953 1.64206362 1.69065343 1.66686062 1.6141439 1.59278886 1.60292105 1.61125873 1.60744444 1.59825665 1.58600232 1.57243948 1.5598032 1.54996061 1.54330007
0.95206978 1.35138904 1.35889903 1.36687154 1.37487161 1.38238413 1.38893211 1.39409333 1.39736397 1.39850778 1.40103529 1.47948129 1.66020542 0.92327197 1.35649203 1.42518633 0.97499248 0.95588526 1.49728182 0.82395523 1.1354486 1.08762352 1.0462301 1.02129458 1.16043493 0.57551723 1.0236738 0.52399795 0.60244691 0.57762117 0.62967806 0.65123612 0.61758071 0.64666904 0.73119456 1.74944917 1.55263615 1.61914389 1.57559296 1.55733066 1.50844459 1.4439457 1.54507495 1.78312789 1.90747853 1.77176455 1.56241491 1.57170498 1.65334108 1.65470717 1.64262607 1.62724126 1.60929856 1.58531458 1.56577667 1.55219568 1.54317521
0.9616216 1.36473313 1.37219472 1.38052728 1.3895898 1.39923765 1.40928134 1.41911963 1.42636182 1.42645203 1.41651393 1.44738469 1.57210332 0.97620013 1.03565763 1.60444259 0.83757412 1.43227854 1.361791 1.23376609 1.00054253 0.98260606 1.06887212 1.09330656 1.18516759 0.57591827 0.55020624 0.56666951 0.53811917 0.6754834 0.71823901 0.64276445 0.64601581 0.64742367 1.60533372 1.04097807 1.63761239 1.60044796 1.56058513 1.53321734 1.57067344 1.18327277 1.28769398 2.17340278 2.32374673 1.47776342 1.28435524 1.74523401 1.73720045 1.72480559 1.64928416 1.68274021 1.63474237 1.59104614 1.56572601 1.55057594 1.53969576
0.97047062 1.37711498 1.38462749 1.39347822 1.40375583 1.41566404 1.42952952 1.44555396 1.46250888 1.46750936 1.44074169 1.39618325 1.38746149 1.26165724 1.33030896 1.33609559 1.33546077 1.3631715 1.45038432 1.28262977 0.52463814 0.98898929 1.08773661 1.19650931 0.73972409 0.70983306 0.52931743 0.53301836 0.54689203 0.6734117 0.74301573 0.78450258 0.88166297 0.99981113 0.92634371 1.4708666 1.49740777 1.59400516 1.5484023 1.4644418 1.3064877 1.35721158 1.85659289 2.13792548 2.24410036 2.15249164 1.16306102 1.42909766 2.09679147 1.42635819 1.89943626 1.77974598 1.63730994 1.57588906 1.55716005 1.54830869 1.53213234
0.97845731 1.38824062 1.39576439 1.40505757 1.4163707 1.43019066 1.4474682 1.46991878 1.50092812 1.54855537 1.51503087 1.43701126 1.4012886 1.30459351 1.28882892 1.48513496 0.99511755 1.57428651 1.51489391 0.68784164 0.58020072 0.83637206 1.06029767 0.9799777 0.89333339 0.71446717 0.54707964 0.57683334 0.63197221 0.64391581 0.64771092 1.3382896 0.76800561 0.97137033 1.2246339 1.03578963 1.58384317 1.59014887 1.59734204 1.45992517 1.2642264 0.97415901 0.91047995 3.39440599 4.23006028 1.60644697 1.36746786 2.03645228 1.91638643 2.0395114 2.02993352 1.75023378 1.58180561 1.48665892 1.57489251 1.5567631 1.5103187
0.98538492 1.39779443 1.4051945 1.41473142 1.42667197 1.44152679 1.46061902 1.48681299 1.5257784 1.60000457 1.71017022 1.20596895 1.64386687 0.85046181 1.30341585 1.32086399 1.58460295 1.05267172 1.64217609 0.51124856 0.37470262 0.96776534 1.09463935 1.26626528 0.65464815 1.06986251 0.38000039 0.45163954 1.15124646 0.58196601 0.84234764 0.9118319 0.86716192 1.61554329 0.99693888 1.1442883 1.18267732 1.85762418 1.75121866 1.54159301 1.25111736 0.98558187 0.59559226 2.52658164 2.96891131 4.01987316 4.58970211 1.77615125 1.92582567 2.67406363 1.75736235 1.73543463 1.09284541 1.63893688 1.71269024 1.48918174 1.45939697
0.99107978 1.40548627 1.41254678 1.42211548 1.43438656 1.44923722 1.4674758 1.49257921 1.52985414 1.57351579 1.60611328 1.74693731 1.09167045 1.09387856 1.01708284 0.95369557 1.77044192 1.85513949 0.83777681 0.60115136 0.59187458 0.57403537 0.60887398 1.37892343 1.33480512 0.57259139 0.44923326 0.49945759 1.11940709 0.71128522 1.19862519 0.766195 1.505714 1.49145059 1.43608313 0.80537169 1.59617902 1.82420906 1.86751765 1.24807743 1.06318127 0.7996698 1.08650568 0.72502625 1.15829366 1.42357384 4.98178815 4.77384914 4.74787229 1.03759287 1.43975662 1.50124046 1.03212726 1.88100581 1.6378099 1.38518569 1.37357198
0.99539594 1.41122768 1.41747614 1.42664847 1.43981287 1.45480667 1.46875337 1.48596978 1.51764846 1.564789 1.57170372 1.7018899 1.21069414 1.06891829 1.16714377 0.80997315 1.78430268 1.83568118 0.87244994 0.6578812 0.56766341 0.54169121 0.56390993 0.75993322 1.63646879 0.72935407 0.43990767 0.41823953 1.02119022 1.11657137 1.15073721 1.31555056 1.34409948 1.4347424 0.92627109 1.00250235 1.63481111 1.71036672 1.64065193 1.56848904 0.90205297 0.80225867 0.80302858 0.89340491 0.77712884 0.78227229 1.45566495 5.678411 6.14941226 2.40495717 1.05142643 1.48600701 1.5836665 1.82143493 1.25028911 1.11685318 1.44793624
0.99808924 1.41507769 1.42127215 1.42555303 1.44234522 1.46597574 1.47033242 1.46490124 1.49314665 1.57788781 1.59830153 0.98162333 1.77517411 1.83446971 0.93214113 1.1791921 0.90194312 1.73142648 1.49855558 0.56154731 0.5056066 0.54025004 0.52415335 0.54906792 1.34541836 1.25614562 0.4553869 0.46155654 0.72200509 1.29874377 1.33562947 1.32603083 1.32974834 1.26103694 1.23358932 1.38226569 1.53466083 1.58037369 1.59334648 1.50818467 0.87689164 0.77196505 0.79902372 1.38384947 0.6001337 1.18936807 1.42767301 2.10141842 5.64598912 4.87240669 3.82608569 0.76713517 1.2557923 1.48691833 1.63974008 1.13916496 1.1572474
0.99867777 1.41700255 1.42576034 1.43396231 1.44713526 1.52516247 1.48580531 1.38013071 1.49907993 1.55928389 1.61916139 1.12585413 1.19717877 1.93679322 1.83927345 0.98731177 1.0142608 0.95456701 1.81183927 0.58807311 0.50024255 0.55717184 0.59330799 0.68257819 0.68733357 1.4472534 0.55996956 0.50553034 0.77509293 1.44358108 1.48116402 1.40900604 1.36599347 1.33657513 1.3391904 1.38230285 1.43361725 1.46130772 1.46743805 1.41141649 0.87297359 0.89654303 1.03012093 0.92894753 0.76133943 1.49671594 1.15524612 1.01323833 4.12735434 4.88655157 5.23720134 2.08153723 0.96229321 1.31780842 2.1613036 1.59319112 1.12196297
0.99612897 1.41787268 1.43289071 1.45353413 1.51954004 1.6044081 1.03684405 1.58263041 1.41302818 1.44647296 1.37053462 1.48511459 1.53216784 1.88803548 2.09754264 1.07766868 1.02804756 1.22387814 1.12156773 0.73706404 0.58110769 0.60050419 0.64476752 0.68064702 0.80234002 0.78265422 0.75186925 0.7689796 0.94277775 1.63019526 1.56528847 1.46558825 1.41224074 1.38174436 1.36961382 1.37161895 1.37628781 1.37024866 1.33880776 1.24370612 1.19456768 0.80787373 0.94049154 0.891918 1.20902885 1.29656632 0.77322891 1.46858401 0.88012695 4.69557076 5.04648527 4.27336105 3.02025509 3.39358353 1.24871781 1.71076519 1.52722662
0.98659952 1.41542838 1.44480482 1.47256095 1.50940314 1.44996668 1.41959909 1.50269803 1.59094941 0.93895406 1.02471433 1.78829958 1.08376685 1.86852812 2.85261177 1.40943779 1.39762195 1.76986455 0.62301447 0.59804487 0.61333651 0.64861489 0.69399037 0.71214901 0.65696782 0.69208238 0.74429434 0.95581786 1.60195989 1.60806179 1.55942536 1.48882312 1.4417637 1.40831275 1.38201771 1.35827205 1.33292609 1.30142653 1.25700021 1.2009505 1.10214149 1.07211352 1.11940041 0.88405164 1.95757802 0.96968305 1.01473786 0.81741479 0.72546988 1.55943781 4.50682701 4.02546862 3.65191497 3.73533985 3.97863058 1.05341361 2.06282407
0.96096604 1.40923183 1.46948159 1.49412165 1.48188914 1.45629946 1.45049812 1.51410041 1.55793958 0.8769225 0.84384615 1.55349436 1.51580973 0.73569736 1.244064 4.88524591 1.10648623 0.85263611 0.6068595 0.5797317 0.62143668 0.69530525 0.85278612 0.72283537 0.60219939 0.57944117 1.34913016 1.53920536 1.52791418 1.54000688 1.5181627 1.49036015 1.45952353 1.4285998 1.39230097 1.34719421 1.2959302 1.24540985 1.20018352 1.15705029 1.12239369 1.11171912 1.10688445 1.31614168 1.45643913 0.89369545 0.92769986 0.87549521 0.76682083 0.84361926 5.25539345 1.48317522 3.56182018 3.90118443 4.31070687 4.32369402 0.82033111
0.88911854 1.41454706 1.54786625 1.55651334 1.48258764 1.44280658 1.43318678 1.44837477 1.4017809 1.27777459 0.80628122 1.43253264 1.29756213 0.98260171 0.76708424 3.65992695 3.1738209 0.41299649 0.79142125 0.40533715 0.83152393 0.9138651 1.01247422 0.61628955 0.71432398 0.84448336 1.52862095 1.60098004 1.45477864 1.47233899 1.49437041 1.4886897 1.47595891 1.45554222 1.4150016 1.34635297 1.25849555 1.18338232 1.14156877 1.12124748 1.10862771 1.10990424 1.14914002 1.22068234 1.23771287 1.29498272 0.8795201 0.91116477 0.98271001 1.82257373 2.78505145 2.65826926 1.40037468 1.46349739 5.40319852 5.27239057 1.59329285
0.76475233 1.1911183 1.81581145 1.6506214 1.4785351 1.41962899 1.39307811 1.36749091 1.31730767 1.18817347 1.25711271 1.30176608 1.32897464 1.29245225 1.95182032 2.03929034 1.8526847 1.17539478 1.09964199 0.5324784 0.83864124 0.95056141 0.98426676 0.99772787 1.1254394 0.92518707 1.63506911 1.50547141 1.37934942 1.47176599 1.48981065 1.4879163 1.49646857 1.50310755 1.47675704 1.37523535 1.20036498 1.06249885 1.08079562 1.08100959 1.08134178 1.08656595 1.10926526 1.15978623 1.2323871 1.26255198 1.29830523 0.91244554 1.2617118 1.89505316 2.09130939 2.7968473 2.24944608 1.63157374 1.77164927 5.49715594 4.16816552
0.72991448 1.30525335 2.36378362 1.51275215 1.41392306 1.38764892 1.36304223 1.33149187 1.27867229 1.23567955 1.34633955 1.35313667 1.37037118 1.46005543 1.60171432 1.77218457 1.79404856 0.93029297 1.35991785 0.69834567 0.48949987 1.12576034 1.1387505 1.20790437 1.19668111 1.37495706 1.00863965 1.15183434 1.57716135 1.53581328 1.50215713 1.46337493 1.49214758 1.61796246 1.58244522 1.38128698 0.77076894 1.01320387 1.00614671 1.04812846 1.06106795 1.03404274 1.04762641 1.07753057 1.23580627 1.40661459 1.48728036 1.54534071 1.81851963 2.15648959 2.50199853 2.69157785 2.36632433 1.57897974 3.08293114 2.5557264 2.50319718
0.15959376 3.98475629 0.55917865 1.1445748 1.3403089 1.35821822 1.35238311 1.33369669 1.31385344 1.32080943 1.3417339 1.36174597 1.3813328 1.41338219 1.43654278 1.60444062 1.51302864 1.4069912 1.33978446 0.77502637 0.71695151 0.87322554 1.45950926 1.35471448 1.29509846 0.70900966 1.40520559 1.57999927 1.52900837 1.51553285 1.48873779 1.08310475 1.61956973 1.73244947 1.25537579 1.05671018 0.81445734 0.69156731 1.01924058 1.03562491 1.01832851 1.03301123 0.75070058 1.20129043 1.08453472 1.84078892 2.31285752 1.77791124 1.88104097 2.21922016 2.31782385 2.32957861 2.28196746 2.35046074 2.45000605 1.43275512 2.28876105
