Output/CurrentDensity_Green.asc
ncols         600
nrows         600
xllcorner     4.75000481326669e6
yllcorner     4.02000353357911e6
cellsize      100.0
NODATA_value  -9999.0
[rows 325 to 349 of 600, columns 0 to 56 of 600]
1.16017587 1.65138272 1.67029816 1.69511359 1.72678139 1.76990919 1.83096737 1.91862861 2.07155315 2.18692131 1.30023872 1.05731068 0.99574081 0.97791754 0.96893742 1.13118673 1.51622351 1.11627188 1.66832929 1.73496865 6.54020009 2.8309075 2.67982469 1.93770354 1.64364732 1.72847759 1.80396025 1.84028978 1.8596819 1.87453246 1.89020348 1.90792508 1.92743172 1.94854812 1.97139005 1.99635523 2.02399632 2.05493992 2.08997596 2.13021901 2.17753201 2.23584683 2.31515465 2.45406245 2.56266038 1.61622774 1.20701469 1.03491265 0.91550567 0.90438822 0.89831675 0.8943495 0.87982714 0.85309858 0.81728718 0.77050556 0.68420161
1.17459895 1.67039328 1.68724091 1.70941381 1.73638497 1.76494411 1.82706564 1.91596003 2.01870425 2.03563945 1.23564507 1.13469317 1.03824557 1.02098734 1.04651415 1.14571567 1.24038704 1.39727317 1.34164111 1.76450857 1.67558168 2.72860029 3.02678664 3.1762976 1.98333726 1.87868547 1.92469448 1.92363968 1.9184967 1.91905163 1.92613757 1.93769741 1.9519741 1.96824735 1.98653114 2.00711767 2.0303498 2.05654059 2.08592096 2.11866263 2.1549446 2.19497878 2.23926629 2.28573172 2.25690738 2.25871909 1.98891177 0.98158495 0.86843217 0.82112908 0.8408968 0.85106152 0.85034262 0.83491804 0.80730043 0.76623011 0.72509887
1.18540472 1.68417843 1.6988168 1.71854083 1.74254328 1.76496381 1.7843054 2.01068475 1.94407132 1.78344312 1.8137435 0.995303 1.10333858 1.01137007 1.0300269 1.09456774 1.18111271 1.26560038 1.37610699 1.46344758 1.49319818 1.40403114 1.45212301 3.40972654 2.36045461 2.15811507 2.06942949 2.00636499 1.96939828 1.95695451 1.95810982 1.96532335 1.97499314 1.98628766 1.99957001 2.01533382 2.03383845 2.05505442 2.07865161 2.10384975 2.12898139 2.15037616 2.15881501 2.12295467 2.04895163 2.17532713 2.04039095 1.80958669 0.84172496 0.76540176 0.78241905 0.82613484 0.83614351 0.82815287 0.80867536 0.78244334 0.75447216
1.19260868 1.69285847 1.70530729 1.72298467 1.74631392 1.77893875 1.8481215 1.93247909 2.02128904 1.44910082 1.36577495 1.97888428 0.95720369 0.91408174 0.97179818 1.0337704 1.10281601 1.17935254 1.28207328 1.39206783 1.44044634 1.37838989 1.44606897 1.52987708 2.67490649 2.40543212 2.20240318 2.05227854 1.99619087 1.98275575 1.98557582 1.99145758 1.99678825 2.00248368 2.01019678 2.02085738 2.03463245 2.05117903 2.0697077 2.08878168 2.10573565 2.11534987 2.10697455 2.06362254 1.99875341 1.937354 2.00657091 1.70665502 1.46994551 0.73553606 0.78610258 0.82961608 0.83799663 0.83232049 0.81849075 0.80045787 0.78203192
1.19632376 1.6966543 1.70691569 1.72240769 1.74432612 1.77661359 1.82231756 1.88296414 1.77839432 1.6511234 1.69500774 1.95345489 0.98944846 0.82441485 0.90448689 0.96546501 1.02433898 1.10141553 1.21965697 1.50032203 1.57874447 1.54518188 1.27041834 1.45251943 1.67581261 2.48070994 2.16619614 2.01939835 1.98463149 1.9965619 2.0132537 2.01946415 2.01827231 2.01642577 2.01774054 2.0232064 2.03260885 2.0452273 2.05997886 2.07525849 2.08851366 2.09548397 2.08935031 2.06095846 1.98921049 1.91418864 1.9072881 1.73973873 0.94144668 0.97405009 0.86931967 0.85629915 0.852247 0.844549 0.83304072 0.81923062 0.80680032
1.19701445 1.69689062 1.70602846 1.72046486 1.74158647 1.77169371 1.81333266 1.86820438 1.89495191 1.26674784 2.07358622 1.94062293 0.92020479 0.78332424 0.8507738 0.90333807 0.965815 1.05674185 1.13929072 1.17290622 2.70313194 1.22144806 1.11383267 1.09080534 2.27047767 2.08343894 1.97377479 1.88089362 1.93259765 2.01646135 2.05697772 2.05518616 2.03894787 2.02657051 2.0209074 2.02152658 2.02730174 2.03703668 2.04950655 2.06332954 2.07680205 2.08778908 2.09384425 2.09131083 2.06269937 1.95709644 2.08508438 1.09920675 1.1031021 0.96667472 0.91728649 0.88561823 0.8712151 0.86104564 0.85046584 0.83823249 0.82447321
1.19526219 1.69497377 1.70466383 1.71926113 1.73954922 1.76631902 1.79973631 1.84366419 1.78008172 1.76957619 1.88599404 1.84701721 0.94494397 0.77691952 0.82282402 0.86615122 0.91842147 0.99803476 1.15437809 1.73155219 1.93346466 1.78953944 1.29411599 1.00404079 2.29245168 2.19878082 1.72840691 1.58421502 1.87996045 2.10533939 2.15279348 2.09433154 2.05349651 2.02950343 2.01773685 2.01471159 2.01804876 2.02609164 2.03760831 2.0516317 2.06747314 2.08505467 2.10586712 2.13583302 2.20176095 2.3411737 1.499754 1.26322423 1.01407186 0.96907295 0.92737243 0.9027399 0.88835585 0.87880347 0.86993797 0.85932331 0.84310464
1.19077721 1.68917797 1.69917281 1.71324645 1.73172559 1.75458261 1.78060329 1.79907579 1.81362146 1.85004065 1.93167495 1.83929399 0.96353192 0.80310845 0.8244224 0.83889427 0.85706012 0.88749424 1.00356419 1.66148164 2.70938651 2.83654508 0.86670132 1.29181619 1.68620116 2.66952655 1.2497864 1.20495428 1.44627513 2.31395694 2.23778849 2.11200498 2.05157265 2.02077591 2.00621285 2.00175919 2.00421997 2.01175828 2.02329153 2.03827623 2.05679429 2.08003217 2.11155041 2.16085417 2.25709395 2.30546354 2.13562113 1.07501548 0.96673684 0.94758226 0.9222758 0.90908936 0.9019049 0.89668463 0.89118458 0.88448588 0.87435921
1.18388806 1.67978998 1.68974399 1.70290146 1.71939947 1.73906614 1.76087862 1.78512236 1.81809967 1.87472171 1.97318988 1.90932465 1.02962636 0.85488008 0.83682633 0.80765672 0.78847254 0.75778711 0.62037823 0.8850349 6.21195109 1.26658003 1.06587955 1.80194371 2.30437315 1.30258511 1.28669151 1.13472604 1.23926971 2.18769847 2.2010822 2.08046429 2.02493605 1.99771407 1.98542017 1.98230524 1.98554023 1.99361013 2.005727 2.02169584 2.0419853 2.06807709 2.10312646 2.15267164 2.2157093 2.30907154 2.30396801 1.29697853 0.98104993 0.90720946 0.90640647 0.90935925 0.91479319 0.91547309 0.91348681 0.91203795 0.91397169
1.17506824 1.66747522 1.67712626 1.68918678 1.70376802 1.72091242 1.74098392 1.76583876 1.80055709 1.85536508 1.9567708 2.00410742 1.23624398 0.97060797 0.87064576 0.77292452 0.71974867 0.70577171 0.59886907 0.90795441 4.11977961 3.85763743 0.5868954 1.13727663 1.45913125 1.43237843 1.25402467 1.20451505 1.32088778 2.12105044 2.07873617 2.00319931 1.97566464 1.96170812 1.95628372 1.95696139 1.96232396 1.9716273 1.9845339 2.00110136 2.02187686 2.04801292 2.08124569 2.12284963 2.17354612 2.23346047 2.21841785 2.06305262 1.03824399 0.88012469 0.87000929 0.91447923 0.9336653 0.93776216 0.93481251 0.9364102 0.94845855
1.16480073 1.65294543 1.66209369 1.67293769 1.68558797 1.70021878 1.71732689 1.73815821 1.76504023 1.80131402 1.84849113 1.80927512 1.65137545 1.48275514 0.83558903 0.78640275 0.70877104 0.63915308 1.43235632 2.63084655 1.81325844 1.74019107 2.59783555 1.58994506 1.498429 1.46685648 1.40137396 1.41292375 1.62773045 1.83361065 1.9217878 1.91332336 1.9155872 1.91816413 1.92160519 1.92725265 1.93542858 1.94625491 1.95987136 1.97651656 1.99667641 2.02106233 2.05037051 2.08468852 2.12195054 2.14906397 2.13561994 1.93199895 1.86625323 0.87321388 0.88168222 0.935871 0.97018352 0.97204645 0.94723773 0.9469249 0.97656194
1.15354063 1.63687993 1.64537073 1.6548915 1.66550845 1.67728176 1.69033211 1.7047916 1.72030693 1.73401919 1.73114409 1.69220289 1.62898059 1.5291961 1.41861801 0.81404799 0.82774127 0.96145901 1.06707939 2.03745534 1.8167553 1.77387865 1.79873446 1.73511446 1.57993764 1.5188763 1.49389145 1.52452313 1.61514104 1.71937975 1.79247193 1.83459459 1.85826832 1.87358917 1.88485237 1.89517646 1.90606691 1.91827632 1.93231428 1.94854113 1.96735315 1.98916731 2.01425929 2.0423946 2.07211334 2.10179207 2.13796454 2.17503147 1.37543999 1.15740007 0.9352974 0.91897252 1.09102418 1.0408968 0.9398897 0.88037803 1.03654952
1.14171224 1.61989827 1.62762395 1.63575964 1.64429622 1.65310699 1.66189454 1.66996135 1.67556616 1.67445994 1.65967487 1.62598508 1.57201198 1.50963851 1.38661473 1.22393036 1.17419037 0.8161413 1.13278438 1.86849217 1.81607709 1.72015288 1.69796118 1.66027304 1.60654404 1.56366323 1.55192971 1.57303498 1.62196483 1.68227054 1.73725752 1.78000583 1.81096735 1.83272266 1.84893713 1.862603 1.87549169 1.88862306 1.90267953 1.91806531 1.93509977 1.95404114 1.97503215 1.99808848 2.02366419 2.05553364 2.11606636 2.17242471 2.12035426 1.20332127 0.96352847 0.8361122 0.81870209 1.73571968 0.86118942 0.80707015 0.80377507
1.12969322 1.60255914 1.60945067 1.61622304 1.6227859 1.62888306 1.63396707 1.63700876 1.6361576 1.62847754 1.61049178 1.57942454 1.53451548 1.47202087 1.39143362 1.31711349 1.2101467 1.17394413 1.37134187 1.60679991 1.68073412 1.65530773 1.64007386 1.62372153 1.60219625 1.58506332 1.58223484 1.59777772 1.6288633 1.66830565 1.70864924 1.74472345 1.77421613 1.79727935 1.81549518 1.83084448 1.84476837 1.85820641 1.87183468 1.88603903 1.90104369 1.91700188 1.93397557 1.9520561 1.97181443 1.99530205 2.02058751 2.04480557 2.00410098 1.84022753 1.6054857 0.81658667 0.75051257 1.48362412 1.39427034 0.56774793 1.09602436
1.11780986 1.58534307 1.5913701 1.59686521 1.60170409 1.60557187 1.6078693 1.60760391 1.60331305 1.59312659 1.57508571 1.54768495 1.50995989 1.46205696 1.4075353 1.34978651 1.30139769 1.30886717 1.39388632 1.50015892 1.5665852 1.59179064 1.59869077 1.59808327 1.59372985 1.59086183 1.59487883 1.60851421 1.63114071 1.65966968 1.69016937 1.71933584 1.74513019 1.76685394 1.78500283 1.80062276 1.81464406 1.82776712 1.84054854 1.85330451 1.86614946 1.87911273 1.89212065 1.90499252 1.91741314 1.92806011 1.93311864 1.92022351 1.87223012 1.79466685 1.67830744 1.4548219 1.23870993 1.31813494 1.38418892 0.74990134 0.70567772
1.10633887 1.56864952 1.57379317 1.57812323 1.58154141 1.58374488 1.58419993 1.58209318 1.57636277 1.56582695 1.54939279 1.52633602 1.4966314 1.46146136 1.42361127 1.38846254 1.3664365 1.37380244 1.41499067 1.47089757 1.51905328 1.55090198 1.56897442 1.57845194 1.58383788 1.58898672 1.59725231 1.61053841 1.62895092 1.65115703 1.67513232 1.69886557 1.72082875 1.74028254 1.75723804 1.77215407 1.78554952 1.7978474 1.80944673 1.82056766 1.83122345 1.84131779 1.85060681 1.85860623 1.86432181 1.86576366 1.85874237 1.83669537 1.79431327 1.7282973 1.63576027 1.52575733 1.4392705 1.42298894 1.39901926 1.24932194 0.66366921
1.09552683 1.55280538 1.55700773 1.56025248 1.56253397 1.56362005 1.5630449 1.56017711 1.55427118 1.54459405 1.53060253 1.5121214 1.48960589 1.46447324 1.43936459 1.41861954 1.40803667 1.41369242 1.43672251 1.46977906 1.50290476 1.53002177 1.54980052 1.56370286 1.57410776 1.58353494 1.59416212 1.60732042 1.62333593 1.64166736 1.66124457 1.68084813 1.69945463 1.71647349 1.73174076 1.7453928 1.75767646 1.76880138 1.77898981 1.78838736 1.7969306 1.8044274 1.8105114 1.81455199 1.81549488 1.81147514 1.79967438 1.77690699 1.74070347 1.69009251 1.62802261 1.56474159 1.51608282 1.48632945 1.46489321 1.32913423 0.7692362
1.08562783 1.5380805 1.54115035 1.54329435 1.54468303 1.54513792 1.54421653 1.541366 1.53605963 1.52786968 1.51658507 1.5023579 1.48585426 1.46837361 1.45206102 1.43986106 1.43482869 1.43943284 1.45389827 1.47512279 1.49841569 1.52002145 1.53823447 1.55302047 1.56537092 1.57671091 1.5883691 1.6012217 1.61559271 1.63128121 1.64770375 1.66414298 1.67994222 1.69465594 1.70807324 1.7201883 1.73108676 1.74083433 1.74950988 1.75718368 1.76378158 1.76903665 1.77255424 1.77376708 1.77172777 1.76510829 1.75229157 1.73186225 1.7031302 1.66698143 1.62703122 1.58992433 1.56272556 1.54829793 1.53940567 1.40568617 0.80844571
1.07698819 1.52473016 1.52615209 1.52700019 1.52771444 1.52803834 1.52736377 1.52510218 1.52084988 1.51440781 1.50578224 1.49527371 1.48354961 1.47170328 1.46132591 1.45428655 1.45225482 1.45633585 1.46654112 1.48135714 1.49839322 1.5154735 1.53122584 1.54522327 1.55778444 1.56958673 1.58135068 1.59361987 1.60663041 1.62029955 1.6343187 1.64825959 1.66169851 1.67431138 1.68590099 1.69639063 1.70578151 1.71406379 1.72122385 1.72726454 1.73209385 1.73547228 1.73707898 1.7363806 1.73270351 1.72521354 1.71315683 1.69610294 1.67433788 1.64934997 1.62433991 1.60409687 1.59431272 1.60096205 1.62689107 1.49555428 0.80346319
1.07026756 1.51307261 1.51157462 1.5106428 1.51108602 1.51201348 1.51219879 1.51092743 1.50797022 1.50330918 1.49710117 1.48969178 1.48166163 1.47391983 1.46757903 1.46379746 1.46355295 1.46738563 1.47524939 1.48635725 1.49942346 1.51314145 1.52656031 1.53924024 1.55115797 1.56258095 1.57387304 1.58531502 1.5970495 1.60904329 1.62110991 1.63298797 1.64440968 1.65513236 1.66498042 1.67385983 1.68172662 1.68854687 1.69425524 1.69877125 1.70202656 1.7038968 1.70404925 1.70211063 1.69763406 1.69019254 1.67955007 1.66579388 1.64961453 1.63254951 1.61731287 1.60784657 1.60964325 1.63164215 1.69838514 1.72205452 0.86808997
1.06735323 1.50407915 1.49598653 1.49246262 1.49401418 1.4970705 1.4986198 1.4985307 1.49691073 1.49391763 1.48979021 1.48488301 1.4797139 1.47496544 1.47141003 1.46979629 1.47071162 1.47446093 1.48098019 1.48983179 1.50029331 1.51157766 1.52303802 1.53428445 1.54519432 1.55582093 1.5662936 1.57674794 1.58724597 1.59775221 1.60814917 1.61826968 1.62792391 1.63693152 1.64515369 1.65248914 1.65888513 1.66428596 1.66859938 1.67174954 1.67368508 1.67425035 1.67328501 1.67051672 1.66569411 1.65867408 1.64947924 1.63843439 1.62629111 1.61441101 1.60496695 1.60102176 1.60693045 1.62979843 1.68294118 1.72912708 1.67381206
1.07646786 1.50611775 1.4800138 1.46685484 1.4780618 1.4838594 1.48672339 1.48771554 1.48729599 1.48575635 1.4833677 1.48046721 1.47749881 1.4749633 1.47338695 1.4732732 1.47500278 1.47874762 1.48446404 1.49189073 1.50059784 1.51009615 1.51995067 1.52985931 1.53965211 1.54928261 1.55878079 1.56817096 1.57745718 1.58660491 1.59552432 1.60408647 1.61216054 1.6196135 1.6263224 1.63221105 1.63719495 1.64121773 1.644226 1.64617656 1.64694535 1.64644551 1.64455729 1.64116017 1.63618487 1.62963359 1.62162816 1.61255957 1.60306469 1.59421123 1.58753679 1.58499209 1.58889437 1.60140258 1.61917118 1.63830314 1.61213869
1.07850359 1.54646512 1.42522193 1.45180967 1.46682768 1.47319622 1.47658795 1.47830009 1.47883742 1.47849425 1.47753108 1.47623828 1.47496695 1.47408423 1.47395631 1.47493684 1.47726158 1.48104547 1.48626397 1.49274685 1.50022817 1.50839455 1.51695281 1.52565953 1.53435384 1.54295337 1.55141661 1.55972433 1.56784598 1.57572754 1.5832944 1.59045288 1.59709628 1.60311873 1.60843186 1.61294456 1.61658816 1.61931174 1.62111494 1.62191521 1.62165121 1.62023694 1.61759866 1.61370589 1.60860564 1.60236855 1.59519975 1.58740374 1.57946601 1.57211261 1.5662331 1.56268973 1.56201002 1.56323579 1.56249553 1.54912073 1.5081468
1.06308973 1.49438393 1.47566145 1.45769783 1.4608391 1.46498726 1.46800359 1.47003544 1.47127325 1.47189325 1.47208305 1.47207485 1.47213364 1.47251036 1.47347848 1.47527855 1.47806338 1.48191266 1.48680597 1.49263877 1.49923624 1.50639199 1.51388851 1.52154236 1.52921735 1.536812 1.54425565 1.55150389 1.5585068 1.56520143 1.57152551 1.57739431 1.58271828 1.58742425 1.59141752 1.59462902 1.59701102 1.59854744 1.5991801 1.59888271 1.59763176 1.59536756 1.592063 1.58775728 1.58251584 1.57646075 1.5697901 1.56271455 1.55557431 1.54878222 1.54269058 1.53742037 1.53255236 1.52639471 1.51516952 1.49327107 1.45517707
1.03839418 1.4678259 1.46267977 1.4574431 1.45611499 1.45801115 1.46041994 1.46258075 1.46434881 1.46575063 1.46688458 1.46791821 1.46903219 1.47040276 1.47222298 1.47465803 1.47781464 1.4817386 1.48642196 1.4917921 1.49773228 1.50408985 1.51071439 1.51746243 1.52421069 1.53085895 1.5373359 1.54356986 1.54950788 1.55509817 1.56026366 1.5649304 1.56903359 1.57249256 1.57524502 1.577227 1.57843606 1.57882474 1.57834521 1.57699477 1.57476076 1.57164758 1.56768421 1.5629425 1.55748953 1.55149926 1.54506818 1.5383784 1.5316311 1.52499433 1.5184561 1.5117948 1.50427 1.4942683 1.47945168 1.45723758 1.42582623
