Output/CurrentDensity_Green.asc
ncols         600
nrows         600
xllcorner     4.75000481326669e6
yllcorner     4.02000353357911e6
cellsize      100.0
NODATA_value  -9999.0
[rows 100 to 124 of 600, columns 228 to 284 of 600]
2.3386974 2.74475601 2.11122879 1.72969666 1.46912588 1.49014618 1.68481567 1.87196815 1.8045696 1.96439797 2.38394899 1.72111718 1.49909683 1.18452891 1.1856405 1.24051017 2.67669024 2.24666025 2.03555013 1.41374152 2.86702727 1.90742009 1.91644231 1.83650231 3.33461155 3.2990228 3.2718981 3.3029949 3.35724927 3.41539909 3.4984164 3.68038934 3.12436586 10.84163949 10.13134512 11.35730496 10.8338112 4.87038256 2.06801159 1.6488635 2.21988371 3.50043172 3.07175872 2.69125457 2.30837269 3.94880624 2.05497129 5.51415228 2.06815561 2.78490631 2.10487541 1.80679993 11.51314321 11.41353076 4.76538214 7.52083121 17.58518057
12.61627404 3.2043021 2.67967373 2.28438983 1.48330712 1.48606586 1.95218098 1.77138218 1.73226401 1.63076798 1.98560561 4.95850203 1.46657225 1.21697977 0.89295868 1.16691736 1.48990682 6.95564178 6.50433461 6.53572737 2.40361553 2.47715129 2.02860164 3.93765075 3.57459203 3.35456589 3.33331452 3.3309866 3.33515629 3.33756904 3.33686685 3.36511452 3.76849107 4.08515248 11.35632835 13.08947698 12.70735981 2.71781047 1.24226657 1.58995068 3.97183386 2.4739595 2.60150542 2.65110929 2.8315061 2.26714124 2.86984458 2.94324108 3.49133309 2.14484438 1.9371749 7.76691516 3.24359022 11.96242809 13.3684673 6.23564885 3.61799242
5.86627306 5.60472299 3.00299212 2.14775564 2.96671001 1.824847 1.24354544 6.11395148 2.20727472 3.64973133 2.0187624 1.602021 8.70815099 3.81786831 1.24898349 3.11416601 8.94017544 8.29481895 7.55388057 8.89969096 4.04063206 2.59550897 5.06191426 3.69946186 3.5437387 3.45382377 3.39299593 3.35689794 3.32277795 3.27700722 3.2069001 3.12089189 2.70669031 2.15992011 10.1883655 14.06766005 16.25673993 4.98800299 1.56224785 1.91142663 2.08388075 2.5355777 2.61876881 2.63596473 2.48918929 2.59287456 5.97909186 2.72606399 2.37098571 9.46230701 11.10102483 2.2741902 4.87626215 7.23602623 6.1326686 4.41739599 2.43568246
3.7814358 4.70333009 3.23718774 2.84825404 1.62408151 2.6433963 6.59415357 6.08460117 10.21452107 4.71982057 8.32733282 1.69991408 1.29026821 4.38554057 8.46940963 10.00372209 10.84608764 8.35282107 7.45056003 2.31938871 5.77766661 6.43434841 3.082906 3.874528 3.62748294 3.51845016 3.44602123 3.38455777 3.32336461 3.24685287 3.13879191 2.96714381 2.69909325 3.21444362 4.41626184 7.94936649 16.20559355 14.24656311 3.43991561 2.07913826 2.21343532 3.38081403 2.77241433 2.79290814 2.4418444 5.82599789 3.28129357 2.61651639 4.57110727 2.60470664 2.33776942 4.28436101 3.79222933 16.4724364 1.49671444 2.86093488 3.26467566
5.54660448 2.56367939 4.27033302 2.77180846 7.71265493 8.21251429 7.43945711 7.35603752 2.5328791 5.30496802 4.5776002 11.13280662 4.33473573 3.77363835 8.74443344 9.21716605 4.18198201 1.86648558 1.41665423 3.42802328 5.3114205 3.31893268 4.58268512 3.85405358 3.7145253 3.58516752 3.49347903 3.41716676 3.34167656 3.25365672 3.14010986 2.99337727 2.86216722 2.5065934 2.74147727 10.84290913 11.94136296 12.2227648 10.52102502 7.53490335 7.81125781 2.5055781 2.11908785 3.8029489 3.11409265 5.88714019 2.46259318 2.61339175 2.78797646 2.49474007 2.85344116 3.52116073 5.17429252 4.81253408 5.66603341 2.85209541 5.48207597
3.35622559 9.49597635 4.37817577 9.72080784 8.96665375 8.94175921 8.14700784 7.15654736 12.4751595 5.21325048 3.87385343 11.74044803 14.55476204 11.32518961 8.79817452 7.40109698 1.97864394 1.43174369 1.63276942 1.8487751 1.85503131 2.92398884 4.09527668 3.98622353 3.77049786 3.64330578 3.54220806 3.4583944 3.37871581 3.29404939 3.1964922 3.08569894 2.94581912 2.72187175 2.36877054 9.27756698 10.18211898 10.51552558 9.90337221 8.86108244 8.25686768 8.0051802 8.39287514 2.06239512 4.95274612 2.69426914 2.46061951 2.6003353 2.67578338 2.50302447 2.65761565 6.30886955 3.3623457 2.98319197 7.8741858 2.60047545 5.43891229
3.0562295 7.53885241 10.437359 8.46710362 9.41212258 8.12328547 7.27076779 7.07956442 2.14586132 5.70767701 6.99983424 2.10295745 4.36103863 10.50283194 8.77422093 7.98258654 4.27474539 3.82633491 3.73175743 3.78026825 3.96799745 2.49605437 2.75629087 3.89725903 3.8355259 3.6992977 3.59718112 3.50971139 3.43344588 3.36099241 3.28796212 3.21627033 3.16013149 3.17466073 4.27126471 3.09625384 9.28376404 9.37985316 9.63823908 8.59138941 7.90408604 8.35099249 8.70804176 10.71771921 1.83283549 2.25834765 2.6027074 2.88346876 2.9181451 2.78110786 3.18859381 6.09301817 3.6247102 3.74174027 3.05691933 3.09295211 2.79378218
4.748755 7.26310588 3.40701147 7.70961231 2.7962488 1.92187157 2.06963869 1.75866996 2.72043551 2.13172455 1.35097788 0.98281426 2.22802407 3.03605387 12.15521126 1.88392828 2.9123622 3.89113755 3.83982474 3.95400251 4.12008922 4.43387628 2.721667 3.78199045 3.87474708 3.77536625 3.65919314 3.57156991 3.50079177 3.4452815 3.40204426 3.37983401 3.41017442 3.65363708 3.98968184 4.06193184 4.47527397 3.75145864 10.2520722 10.84458703 2.45193533 4.51499819 5.94126037 5.09247964 4.38592331 2.80415008 3.03366049 3.33438166 3.34499686 3.30330996 3.36088852 5.68463081 4.5221645 3.19712494 3.59562242 2.44229957 3.1281582
2.12913589 2.31740109 3.17417086 1.93712805 1.51342562 1.39258552 1.46747602 1.77431789 1.74423968 1.37745165 1.00595733 0.89256077 1.92876934 6.55211812 5.77149619 2.17458108 1.44604571 1.49829511 1.97371431 2.09148873 2.24294709 2.33964429 2.54093933 2.21723756 3.79671618 3.8453063 3.73624557 3.63475326 3.57183106 3.53531036 3.52180025 3.54158773 3.62146027 3.76943881 3.95839834 4.87296573 5.12312525 3.88650401 4.75111459 5.0300271 6.20960352 4.60922726 9.31037099 3.51749549 2.84125461 3.13295389 3.72290864 4.04655809 4.63504217 3.50417822 3.78439298 2.7817213 2.37856696 11.5463342 2.05071479 2.23725251 2.40723179
3.33893975 5.54611771 5.61313832 0.98689885 1.23154077 1.55718553 1.67142125 2.44549765 1.63462755 1.17167335 1.02718962 0.83902814 1.83636075 11.93903738 2.78182303 2.9868301 1.547508 1.5852043 1.6522211 1.77086445 1.85960971 1.96468155 2.01601887 2.00923996 2.34525928 3.79059976 3.78197536 3.6821596 3.63595237 3.61834109 3.62908892 3.67570636 3.77509329 3.93360472 4.30923253 5.1412064 2.91440021 2.86054102 5.67451449 5.77022649 2.81623387 4.57038823 17.93770603 6.27141841 3.42154114 5.52442465 3.6228951 10.52538795 3.50386692 3.37383714 3.24873125 3.04056297 4.33167744 2.57958939 3.71289507 2.40759863 2.26159355
1.86603975 6.49215499 1.26146827 1.86698492 1.43046536 1.55555523 2.49129381 0.87873253 4.2040711 3.70179721 0.67641968 0.89657041 6.206909 7.35929672 8.26172239 2.62802473 2.34401095 1.83036824 1.7733503 1.82191746 1.86661393 1.90232142 1.91636322 1.88791228 2.1886501 3.48963047 3.74308938 3.70528999 3.68519224 3.68451387 3.71042737 3.77316937 3.88800882 4.0895229 4.5000625 4.58603732 2.96542747 3.22513559 6.04544208 3.23300694 2.53428504 2.63547292 3.2820454 11.49244089 8.85295733 3.39273225 21.38755946 2.50098732 2.55970241 3.64182046 3.15179401 3.13118203 3.00899626 2.80874907 2.69462279 2.46617167 2.19896624
2.69952711 2.0218584 2.00102173 1.42940649 1.49069934 1.43285776 1.27020308 4.21558749 4.4732784 5.27199987 3.8428617 2.33093999 7.35830595 7.49981432 2.3777974 3.35823285 4.97254669 2.38174296 1.91416592 1.89471791 1.87534609 1.87166663 1.86852741 1.82826143 1.8748364 3.36155051 3.6947195 3.71676027 3.72308128 3.73120685 3.76215214 3.82847635 3.94596381 4.14357682 4.45671015 4.58752126 2.99568485 5.04971352 5.27373457 2.81556904 2.64215581 2.80776793 3.86377479 4.46223637 4.48375253 10.95313897 9.81818859 7.89719962 5.28912857 2.99260043 2.97457583 2.97126623 2.92176427 2.87695931 3.15565018 2.54625428 2.47799103
2.42033864 2.18490739 1.65695723 1.38574127 1.43960219 1.87016543 1.32651877 4.35134561 5.10843291 7.43942202 5.6187343 9.04384297 7.36007096 2.40981306 2.05165074 2.20462707 2.30010993 4.60105135 2.25107794 1.96937984 1.87197662 1.84740971 1.84619331 1.81626856 1.66125129 3.26171941 3.6702163 3.76421587 3.75486415 3.75864259 3.78359558 3.83901951 3.93746787 4.09163318 4.30041089 4.35349224 4.6056549 5.56528732 3.54251969 3.42265288 2.97164114 2.28598302 2.51597677 8.36309803 3.48027232 6.43221756 25.67694249 3.66701137 3.75358976 2.45411328 2.81344239 2.97338051 2.99087259 3.05031969 3.28297417 6.733402 4.94692462
2.85588007 3.2250669 1.60174358 1.30917404 1.40662417 1.429787 5.40091141 4.76616195 5.18190718 1.8341264 4.59077911 6.58295639 5.66941972 1.62747912 1.81785574 2.27330911 2.40034981 2.54112221 2.62552139 2.07748073 1.83569943 1.80452644 1.83581879 1.83628896 1.84945535 2.15018016 3.70771774 3.81176993 3.77390293 3.76872426 3.77919352 3.81042894 3.87387199 3.98168432 4.1223715 4.35841937 4.72536797 5.93151048 4.62814553 3.62922766 3.12818809 2.10927852 1.66297171 1.5625519 18.89127922 18.51416182 13.48872352 12.13370917 2.34290103 2.27806001 3.20620016 3.05670174 3.08092285 3.15459037 3.64870594 2.94039839 4.26634223
1.31550437 7.32062168 1.35291646 1.2839953 1.338434 1.68158639 1.67381808 5.83157118 2.12467701 0.84604424 1.38716907 4.81713389 5.36221358 1.72100015 1.73054605 1.95350379 2.4840983 4.1090346 1.98743625 3.68255004 1.92911114 1.77574131 1.778085 2.02644425 1.87016784 2.19950338 3.49133401 3.7884892 3.77599677 3.76791119 3.75841793 3.75128291 3.76705194 3.82386862 3.96709765 4.10845088 4.9211687 3.98125541 6.88473696 6.58647308 4.37160993 2.42898409 4.40929367 9.60413209 16.92224598 10.58626641 3.04593595 3.39681104 5.58183095 6.22007986 3.28929855 3.41933175 3.0552702 3.26871461 3.34576014 3.29172212 4.10333883
2.75021473 1.85406901 2.28842561 1.44152749 1.3303878 1.10184242 1.65396645 5.84589937 1.49389816 0.66949261 0.98631034 5.6899269 1.19862382 2.60796007 1.8934198 1.87649651 1.94443978 4.76641315 2.50698806 2.23403154 2.10587489 1.77284874 1.56930684 1.81751538 3.68132061 2.28277337 3.45336451 3.75549548 3.77268818 3.77246413 3.74353464 3.67622438 3.6100165 3.64569855 3.67367764 4.15870703 3.10265569 5.9227418 7.71394591 4.74160469 3.68775141 12.94617568 7.8495446 26.09567283 19.66099879 1.44693331 1.38132704 2.87287052 6.49430465 10.08887078 7.67845321 3.56209567 3.547653 4.72489349 4.07779829 3.41673404 3.44423922
1.9754888 2.39528073 1.67715299 2.07809466 1.27909488 1.20105368 1.40082983 5.93675871 2.24802891 1.25551677 1.92148487 1.7754976 2.43693469 1.84385148 1.89338939 1.8517318 1.73732913 2.168865 5.76145896 2.40649686 2.20026773 1.86910955 1.38019635 2.5156029 2.02461817 2.49255169 3.49643485 3.72810214 3.7873154 3.80900721 3.76882871 3.65691675 3.37617207 3.25161129 3.70813555 2.8103057 4.20702996 2.3054662 3.89705346 12.0080129 11.94939186 14.71198403 23.75068731 8.30998665 4.42248334 1.77699385 1.1510553 2.50030382 15.85448093 4.90536105 4.05414523 6.72738881 8.07892044 4.76141241 4.00564845 3.73600852 3.31160337
9.24562114 3.69635467 6.92842126 1.446725 1.1937938 1.56884598 2.39918924 1.56128325 2.06601489 3.1106804 1.79659041 2.35780482 1.75386 2.37709542 1.82558628 2.60889786 2.09479562 2.2269208 3.22130935 8.1357495 5.94062914 4.9075376 6.46675715 1.89061844 2.13294222 3.36617057 3.502123 3.73397233 3.84032662 3.89509133 3.91041285 3.7064514 3.47302597 2.0267465 1.93454368 3.84762089 4.1235895 2.40377459 2.03610111 12.26589346 14.58870585 18.55142824 9.9206627 6.40873029 2.83481556 1.45266117 1.10234715 3.68711584 14.74724046 5.05856766 3.47175032 5.96714124 3.42111108 3.84196953 3.92188478 3.42527273 3.34083335
7.73326053 10.74788979 11.97638322 1.84693208 1.15496214 1.2367936 1.46584751 1.52960568 1.392872 1.32988565 6.48386091 2.07214756 3.75340953 2.3807557 4.58267753 2.82615787 4.95535153 5.28312464 3.31089213 6.25083399 6.98569715 5.74605267 1.60822195 2.64953505 2.00826883 3.38462774 3.71839429 3.85662651 3.92074614 4.02238177 4.13527631 4.31006428 2.42043893 2.15537111 1.61573033 1.58639264 2.08807038 3.95456932 4.26521266 7.70783128 9.87293126 18.19354449 15.43952688 14.18044733 1.2777976 1.13664362 1.55185413 7.30812853 20.31629558 4.25226505 3.71798254 2.35711816 2.86546618 3.14201832 3.79908474 4.63266321 2.88813871
8.4385833 3.80926802 8.89634369 9.55283876 2.40192216 1.35364754 1.10906507 2.80285889 1.30449411 1.76076532 6.04254342 1.96610911 1.3686818 2.14155901 1.65253137 2.50265868 1.92613528 1.95912352 2.70161032 5.5874688 6.45577055 9.26135175 1.73678992 1.90039342 1.73400654 2.107035 3.73514375 4.03880394 4.13335113 3.85384312 4.46734709 5.21302854 3.00682388 2.24426686 1.40941036 1.3429874 1.3642731 1.39460437 9.56515215 11.4104898 15.18224492 17.61208452 16.88446824 5.50407203 9.24293994 1.4354894 6.93230703 25.54335257 5.40745193 3.41995629 3.09111481 2.56764108 2.7156908 3.29230887 3.4277365 3.57561783 13.94383595
10.9267114 4.07749262 5.76938342 20.73329645 16.04411429 5.69624057 2.5698678 2.48843808 3.32912824 2.70223747 1.45368657 1.87834159 1.3627699 1.51653934 1.65868513 1.70491937 1.6062997 1.61466194 1.74370117 1.34331913 2.33832159 4.27860442 7.21155051 2.41075871 1.7835344 1.89402911 3.33212056 4.39718039 4.52089925 4.59615179 2.05021897 1.87010888 11.44242521 1.24505644 1.31106294 1.15407018 1.1131944 1.47628589 3.84694272 16.54171069 18.42912527 19.88660279 21.41319964 6.86946148 7.72915104 25.33222686 10.64451291 9.11790959 3.5165494 3.0642706 3.30589258 3.67786665 3.54752347 4.84932744 4.71543538 6.76664995 4.55375584
4.61814992 15.29055558 6.56813237 6.37770279 15.32722533 19.54469567 16.75033962 4.01644235 5.04857372 1.89062045 1.97587078 1.3408555 1.24851421 1.77518167 1.97598013 1.78760656 1.75532708 1.67763536 1.46647797 1.55396849 2.34326679 2.73124043 5.98427726 4.60149682 3.22873558 3.05654902 2.33875239 3.11991713 7.73589088 3.99978975 2.95544938 5.14306697 4.43873846 2.37588951 2.0208773 2.01244102 3.68508702 4.50742788 10.62888041 23.40102629 22.01653105 22.47817477 25.31221542 31.73479467 14.94944262 13.31139904 30.67137865 4.44344449 5.26605721 3.48648643 4.73722058 4.32783111 8.56363547 5.1849037 4.96394984 7.6624154 6.02488548
3.03413579 1.89964624 4.2700177 2.87233333 11.24361812 9.11587357 21.73369216 19.95229608 6.84735663 14.83340797 6.94127366 2.01014137 1.89669478 3.48150492 2.42298394 2.2381126 1.82005671 1.85146953 1.76894615 1.59703983 1.83186144 4.17185202 4.61702812 4.2797823 2.08837277 1.75196118 2.04900783 4.02497552 4.20086768 13.03744675 10.27054112 10.58157374 2.03650775 2.70410534 3.41070168 14.23196878 17.82201496 23.02156968 28.67128065 26.35210543 24.74642016 24.96329415 28.46010727 33.97308396 40.64499284 48.33133245 43.10689899 19.11657009 3.68917458 9.77719902 4.67427871 9.08277714 5.032271 5.6739255 5.06100954 4.77139354 4.35475029
3.59176771 5.12724999 1.82394394 4.65960213 11.17375593 6.28292779 5.55199007 19.86249722 10.30673074 3.22903901 9.82211341 13.16895581 11.83678941 3.49726513 3.441244 1.90036164 2.04234802 2.10310429 2.40434468 1.8423157 1.79780455 3.61716548 5.71171045 4.81329819 2.1853957 2.66332404 1.75305678 2.06435686 3.35941472 4.1858416 12.39867042 14.79609739 5.74595308 10.03708332 19.02498584 19.87170656 22.98229056 26.71927416 28.54129664 27.58073126 26.64337973 27.10911848 28.18593712 33.16934946 38.76038228 22.40865833 67.81189577 31.14072586 33.72886801 5.33852114 5.11611033 5.69262872 5.25263138 5.39877971 8.44694027 7.47772052 4.04801635
1.96817589 2.39337516 8.20066168 9.87976519 3.68369044 1.93552437 1.8038497 5.15068224 17.51585559 18.23994452 7.53892904 14.45391737 2.68031137 5.49767711 3.58483922 4.28867204 2.3138297 2.28440181 2.53395987 3.84257899 3.46531839 3.82333853 3.78602459 11.81950427 12.19830637 3.88766193 3.56292061 1.79326171 1.4879623 3.74933589 12.96756148 16.88311873 26.36646917 11.63673757 21.52534152 21.57585061 25.55579234 28.68551201 29.03894509 27.6954346 26.32695026 26.16523496 23.69695515 9.55343058 4.79874869 11.68566965 19.52777594 57.3461928 40.65676296 11.7719242 10.44362375 6.20784922 5.44069504 5.48178247 4.49938396 4.36651129 4.62783498
