Output/CurrentDensity_Green.asc
ncols         600
nrows         600
xllcorner     4.75000481326669e6
yllcorner     4.02000353357911e6
cellsize      100.0
NODATA_value  -9999.0
[rows 300 to 324 of 600, columns 342 to 398 of 600]
4.54930175 4.86511517 5.02984184 5.41954759 4.9317209 5.09192845 10.12362114 5.2754325 4.27429722 4.01671385 4.21994654 4.36482118 5.40495336 5.57013088 5.15977215 4.24322663 4.80356891 4.18996386 9.30364778 5.36050114 4.95624672 10.54897098 4.90579461 5.08331908 5.27592661 5.77743929 7.39761523 14.5608954 15.73992727 14.7774231 13.44779921 12.54977043 12.73275457 6.36088404 11.24566883 10.39222494 10.75056394 10.19216554 4.82356915 4.8825791 12.44131111 8.33338559 5.31734834 7.14786805 5.08003874 5.18055205 5.67479639 9.65676981 9.7989 9.45438503 10.89886818 10.64559729 9.8726103 8.94365171 4.25473388 4.3333749 4.32468333
4.22248015 4.30114198 4.35483247 4.26638025 9.081066 4.52538223 8.7461448 8.96850496 4.35480411 4.28625408 4.2311125 4.81300696 4.2577035 7.57457892 4.84349438 5.6771933 5.05814305 4.5387477 4.27539206 9.14985698 9.90147679 4.96837918 6.91954737 5.54951969 6.42477672 6.73582816 11.66564078 23.56641122 23.02515175 14.83198407 13.21182882 11.9954271 8.69661759 12.2613723 11.19841004 10.59736806 6.74093341 5.09577765 5.72102072 10.47522632 6.42168878 5.8153438 5.78244247 4.42335935 4.54997958 4.26464832 4.58541569 9.02615959 9.64088714 10.02130586 10.60450515 11.48734836 6.73322016 5.85727546 5.55458915 4.14322227 4.00262162
4.10253472 4.09305334 4.71457512 5.27464389 5.56234106 5.63755444 9.30401151 5.69746475 5.14076078 7.6939037 8.08885142 4.02325994 3.70164906 3.14277584 20.23294727 7.36485454 4.43088345 4.78907551 5.43762507 5.55945724 6.21218138 11.23612363 5.90994074 11.96563 13.19478156 15.28078606 13.75732369 75.31727104 20.22111767 14.27372928 8.16813691 6.95139016 8.05370646 10.64995393 11.18535855 9.97639227 5.79313267 5.5694039 6.21274202 9.67338413 9.35676934 9.16894453 4.29041136 4.46072915 4.77650508 4.30465273 5.45750726 6.74549785 7.1422939 10.77283286 10.72581438 10.53530823 6.32853433 5.92436109 5.39528629 4.50811133 3.86848644
3.93143459 4.34548276 4.10555593 7.98859455 7.94814097 8.5832911 4.81323203 8.02985748 7.56433404 3.97626418 4.56323431 5.89681926 4.07730338 7.80561142 5.14987303 6.42387209 9.03572501 8.41292341 5.15831262 9.65543405 10.54867706 6.13484445 6.69215544 7.39770013 8.47843231 14.60556615 10.9457998 10.5658221 11.55462218 8.7602337 7.77692133 7.24142917 6.2579143 10.66323646 6.82822777 9.56065052 9.72714215 9.41283853 9.94819228 9.25441831 4.74364419 4.55393578 9.18512164 4.08433525 4.07720022 9.08785592 4.62812216 8.43970121 10.11532047 9.55664094 9.97192212 9.68804973 8.84570002 4.8745514 8.76312464 4.60773209 3.93482102
4.925447 3.89266645 7.6368083 8.04765873 8.56390037 8.19678692 8.25833944 4.01272549 3.96823985 4.17409926 3.93968036 5.7883899 7.98417601 6.32322115 8.76285846 4.55413299 4.72815803 8.42014621 9.37012273 9.5891551 10.201367 5.53646482 10.40031211 11.24969327 7.06815515 7.7177307 7.77949052 7.9091269 7.57966926 7.254236 6.88581826 6.70998363 10.67257016 10.36617928 6.21090158 6.11496769 6.78132423 6.39511304 5.84322418 4.37053197 4.26277592 4.27697786 4.31652436 4.71562069 4.27219153 4.45188156 8.4222266 8.7258404 9.18577312 9.35900809 9.37373284 9.36799001 8.47229132 5.94967585 8.31768242 4.67377365 8.09594865
8.61827898 4.52171277 4.21048115 8.89385898 7.72789381 8.15460546 4.61601697 4.35767491 3.87674141 3.61740549 3.62076239 3.40226889 19.67925296 6.58882549 7.325659 8.26780241 4.83648444 5.56775065 6.39076244 10.17736646 5.27006181 5.5826159 5.92209924 6.46602362 6.6820741 12.5566897 6.58683056 5.81483945 5.76480465 6.29665583 6.02339224 7.10661433 10.60111666 5.35121829 9.74884491 9.03746766 9.26864023 9.47021803 4.40554619 4.23735392 4.05302294 4.0263363 4.43439072 4.23209918 4.1455465 4.35207571 8.27475381 8.93118001 8.91550251 9.01632707 9.08925348 9.15313804 8.4878265 5.54323192 8.76016717 5.32170777 4.14006416
3.76921653 7.59420062 6.43932951 4.03121005 25.43990391 3.72365222 3.37639037 7.86280911 3.54935048 3.52525029 3.79439223 5.82944946 4.76221034 10.27895563 4.93074556 5.04400294 8.8125696 8.68101318 8.94414591 8.85541952 4.57697318 4.25264774 9.13854185 10.09448445 11.69688674 5.40347135 5.68005029 6.16724729 5.16213279 5.401652 10.4453697 10.56695027 4.69640207 4.95658343 6.10128128 6.47213379 6.20920371 8.95116544 9.15471569 4.10537584 4.330191 4.14085651 4.3126845 7.68318494 4.26644324 4.98745175 8.58633302 8.76155201 8.71391989 8.76104653 8.82884246 8.97425136 8.89004369 6.14458645 5.88572779 6.01053066 5.07590914
4.31878012 4.69151345 6.97363786 8.53997169 8.52743407 11.80014238 7.84187274 4.77716484 4.91960272 4.12747971 4.43375341 4.82927806 5.91438973 5.66516018 5.35616158 9.11277506 9.07944378 5.96613376 9.3074217 8.72583533 4.94943625 5.60907455 10.0610804 10.52453078 5.39566127 4.97183353 4.56780956 5.03885976 10.08581439 5.87318923 6.39860039 6.29420558 5.60918528 5.04598103 5.09077673 10.02369044 4.63676539 4.4238968 5.60745374 5.57779477 4.53308948 7.51752528 7.6032747 7.30223317 7.67318473 8.07731521 8.20401344 8.41969722 8.47605918 8.53348286 8.58117785 8.63849141 8.5078201 8.20602613 7.65061846 7.51541332 7.26955126
7.82709181 3.6876257 4.11451418 8.49289428 8.29776229 8.69116048 8.5490119 8.04055488 7.46955481 7.25018914 7.16907894 7.38439167 7.62337871 7.73476605 8.39168607 8.52498336 8.068767 9.05266009 8.22508358 7.88535513 8.709646 9.00458444 8.95119506 9.36503274 5.37003152 4.66649922 8.53520469 6.19771313 5.90635114 8.95421927 8.44741673 4.95149761 8.90571568 8.77453186 9.55085086 6.09638856 5.19754507 4.26702098 4.12766414 7.99502186 7.84200839 7.42019987 7.69464914 7.57941661 7.95953651 8.09554527 8.05563322 8.13789451 8.2635455 8.34362405 8.36515411 8.34470821 8.26002455 8.09012154 7.8836017 7.72054282 7.57326117
3.84123168 3.82874414 4.12674417 8.19557965 8.03540538 7.88423705 8.10841065 8.11534585 8.0117742 7.94081321 7.99294058 8.14279229 8.30522399 8.45968194 8.55026718 8.44491169 8.36478936 8.17694964 8.12083953 8.05826205 6.03011406 8.37789644 8.27835841 5.17223576 7.979483 8.14151606 7.84198751 8.00665357 8.01668562 7.97413393 7.92183375 5.5408624 5.11902527 4.9566722 6.02666098 9.37160864 8.57549438 5.29767521 4.89269307 5.26698746 5.46719541 5.25978065 5.80953262 7.49258579 7.77881679 7.36405168 7.64573708 7.8849036 8.18001099 8.21932018 8.19432952 8.17732939 8.19540588 7.87008533 7.54895003 7.25799372 7.41324134
4.29281968 4.16571472 5.57597026 8.27937332 5.65091872 7.48060996 7.75906672 7.86137666 8.03771609 8.21246955 8.44051863 8.69927208 8.85561981 8.8275866 8.66762779 8.408209 8.03254303 7.42845597 7.45234226 7.44696565 5.27580129 5.26649749 5.25686518 5.61213775 5.81437081 6.16638176 6.01620652 5.81840015 5.67958943 5.55058896 5.27863663 5.21823958 4.80592152 4.63428002 4.81414916 8.7154782 8.65319523 6.19564825 8.46491555 5.04963575 5.11695388 8.56704781 5.12877668 8.38066928 4.57563476 4.83295282 5.00179137 7.78720827 8.03897286 8.13259979 8.17513023 7.81315395 8.17373952 8.491301 5.77778343 5.20403176 5.1692676
6.99073226 7.21226994 5.17215762 7.9073945 4.77441388 6.82454163 7.04448217 7.20575044 7.79479542 8.32886747 9.28301294 9.63745021 9.96335343 9.3310006 8.55712406 7.82629086 5.02412379 5.10712965 5.3257076 5.08606429 5.00319619 4.85828393 4.92155645 5.45024517 5.90510876 6.26084783 6.06566501 5.27260815 5.11635937 5.03028345 4.9666153 4.91631319 4.84491055 4.7755099 5.01274398 4.99876919 8.64769219 5.61243297 8.143833 8.41237569 8.30279726 8.25235418 4.7702563 4.64382674 4.88668235 4.56519572 4.90899998 5.75378747 6.15089192 8.66657805 7.78067901 7.63182207 5.73990191 8.87513728 8.42148762 4.62424675 4.65825132
4.8450446 4.63401527 5.11543995 4.64229737 4.89771502 4.68425987 4.79901922 4.74946947 4.88224879 7.53462932 9.25377632 15.41320591 9.3395951 10.64944705 5.06685777 4.47167863 4.32901335 4.96278985 5.10951451 4.98133355 4.85284545 4.80440701 4.73033928 4.69942169 8.90889845 9.00931801 4.86925821 4.90714648 4.94430562 4.8999649 4.86915201 4.83957206 4.81497654 4.82635928 4.83883381 5.17767339 4.84376435 5.28564876 7.97110924 8.0303406 8.22691027 4.85419407 5.41077386 4.72757717 4.89575601 4.61493103 4.94700534 5.21255487 9.92428953 6.08750771 6.06624132 5.62152923 5.46631446 8.49637216 10.95118685 5.13587244 7.74617697
4.34061383 4.42772912 4.50945453 4.51825056 4.51458674 4.48936609 4.42775177 4.36525716 4.49458344 4.50276913 4.60637639 5.09487235 34.04416702 9.19132298 4.05042448 5.40375837 4.12182595 5.19616383 5.5375309 4.85751787 4.75979399 4.70113731 4.69779094 5.85749036 6.82336354 6.598335 5.26468916 4.86936823 4.82086498 4.78843219 4.77701127 4.77128028 4.76848127 4.79730581 4.85102666 4.89939468 4.89957847 5.22933327 5.14656222 5.21571478 4.55683487 5.51768034 4.96224681 8.16537163 4.58725421 4.18563362 5.35264974 8.17202017 9.5542561 4.96337283 7.73794153 7.7001267 4.93710976 7.13491388 6.48887385 22.03870642 3.59947019
4.34781006 4.38249411 4.41835274 4.43443566 4.42921801 4.40601133 4.36925479 4.34373665 4.33125115 4.20919643 3.90780216 4.95519358 7.24781835 26.76436088 18.82821499 3.85164651 3.75342456 8.7840593 4.62565746 4.65230933 4.67791583 4.58772062 4.51530115 4.97164729 9.94448455 5.6765907 5.48525473 4.84880133 4.70591746 4.68299302 4.69115571 4.70625686 4.70929559 4.68834196 4.95006008 4.98866586 5.29001514 4.80116934 4.74567121 4.63733894 4.51281599 4.41462467 8.15178897 7.74771535 4.50415639 4.09753996 3.81637248 20.26827438 6.10214031 4.6203556 7.81204964 7.47522626 4.59370222 8.77306831 12.48314489 5.35294302 5.82295164
4.31377454 4.34594765 4.3652395 4.37240335 4.36635976 4.34719896 4.31699072 4.26792625 4.21735973 4.45118163 4.46533623 5.03913973 12.13552129 11.53544892 9.91621094 8.33791037 9.24639241 5.72855574 5.38521336 4.95660576 4.54062797 4.48292074 4.35412612 5.04741253 8.98534221 9.08873404 4.89066686 4.54569266 4.56413227 4.57199401 4.61697073 4.65067225 4.6798279 4.64412442 4.58383526 8.30497375 4.4972563 4.50725139 4.5697151 4.52386652 4.44302509 5.25013643 5.74247186 5.58766472 4.7676736 4.64195329 6.86488936 4.31228784 7.5416353 9.63264021 5.25108259 5.00041083 4.58284885 8.51444335 8.54676384 7.399184 4.22836515
4.29940488 4.32039343 4.32850623 4.3287199 4.32060554 4.3033879 4.27424252 4.23709992 4.05160875 4.29433002 8.06038653 5.99885473 10.26442142 11.35618011 7.04646673 6.00396452 9.20865967 8.5871492 7.93405741 4.50632299 4.3428923 4.44253312 4.44133529 4.8269497 9.19295694 9.02658719 5.05093841 4.33368861 4.44853837 4.46200906 4.47305035 4.78554602 4.83197277 5.16686936 5.15078401 4.81399048 4.79178067 4.50542076 4.50204856 4.46174923 4.3834721 4.36695142 8.83216192 4.7608627 4.88081951 4.90534606 4.80261788 4.41062889 5.24914324 9.3143062 8.34966976 4.32757078 6.5211244 4.67628406 22.16439307 4.11270833 3.23178613
4.30425242 4.30856912 4.3032289 4.29265918 4.29568935 4.27071471 4.24820666 4.20861889 4.30683123 4.7553245 9.10830444 6.17636867 9.40216829 9.15065561 8.69723874 8.64650037 8.10770117 8.26365085 7.87291319 4.88676102 4.4807854 4.40443716 4.56568479 5.5600469 6.29206752 10.1120515 4.77161932 4.33946649 4.33784673 4.56719145 4.50578086 4.91871594 8.10808156 4.48368614 4.54306219 4.5872556 4.57375011 4.54482916 4.49182648 4.44304589 4.36589798 4.98300173 4.87102572 8.72266592 4.59290248 4.24886236 7.4679118 3.97551238 7.56012706 8.38832497 8.70123988 5.36117918 7.10798837 4.68151141 19.52689695 4.40153975 3.61335741
4.33684249 4.30165565 4.28498372 4.27298811 4.21561883 4.4269539 4.35285561 4.68899697 4.2951969 8.57656445 8.80165782 6.18145399 9.74831783 5.14593054 6.0858438 9.86001985 8.51799451 7.8466671 7.61267078 7.46521326 4.70652831 4.61734802 4.77856834 4.82713571 10.11854794 6.2364034 5.43179916 4.4087459 4.28534883 4.29801445 7.9560044 4.90563806 4.56183225 4.69027698 4.4959299 4.53244593 4.53762164 4.52179696 4.49682585 4.46652727 4.38830992 4.27497506 8.21262465 7.92916768 4.48725635 4.69791409 4.49319112 4.63357303 3.94328625 8.85559597 8.85761461 9.04824613 4.00404424 6.43741457 6.35034163 8.11297316 4.81302633
4.28674773 4.31254054 4.2803075 4.22720465 4.3601384 4.35735984 7.89730289 4.59773552 7.68699668 8.32065506 8.35059579 8.9334983 5.03267289 4.76805112 8.79891456 11.29544075 8.07484652 7.52550709 7.48284701 7.24631112 7.72254734 7.46121288 4.35741616 4.98123199 9.05356397 9.00454509 4.67582605 4.30085274 4.40175779 4.96718329 4.71211609 4.71229541 4.45600962 4.49705971 4.52801958 4.52225151 4.52443853 4.51478808 4.49663316 4.50832251 4.59072245 5.31804115 5.71755136 5.4525396 4.97237061 4.51504527 4.44828153 4.37194751 4.1390809 5.85875781 10.80302421 5.94978094 5.07526841 5.79091513 5.61632904 5.45574528 5.57574957
4.44681492 4.53342355 4.20360192 4.18962727 4.38491388 8.21556986 4.61892663 5.57139928 7.80037555 8.28405528 8.31105279 7.96206866 7.69577863 7.92907438 8.59445099 10.78825094 7.74126877 7.40999758 7.39354559 7.3691077 7.39660958 7.31185113 5.55520599 5.43570466 9.52645265 8.54837274 4.43263106 4.20163754 4.43134559 4.55443216 4.54294855 4.5211989 4.51546479 4.50325293 4.51495768 4.52421599 4.52766176 4.52225404 4.49616902 4.44595958 4.76295349 5.14639758 5.6547244 5.53000016 5.13678213 4.47679826 4.39302867 4.34005284 4.34800479 5.57888029 10.27674395 5.26806939 9.03646824 4.9665466 4.83322352 4.70999996 4.35181962
7.64276104 4.85490097 4.67935295 4.83057141 5.54460995 5.30743884 8.07660089 5.29306688 7.97821626 8.11748814 8.0097212 7.77785367 8.21817252 8.47935421 8.06325033 7.88392044 7.77090646 7.65870454 7.36890595 7.13074219 6.8981378 7.03389504 7.15798715 12.28991585 6.59262263 7.10657367 4.63936958 4.21743138 4.41565499 4.54261587 4.53707928 4.49544066 4.49579481 4.50534375 4.51542262 4.52859976 4.54291405 4.55248422 4.53703594 4.41710741 4.26835823 7.56470495 7.39720783 7.71576811 4.16952621 4.23999807 4.34890705 4.37500877 4.29379982 5.45003426 10.00642477 5.3220526 8.78109101 5.36658898 5.08668689 5.00580171 4.46369991
7.86780238 8.18756505 7.67263942 8.2360267 7.98999685 5.68043294 4.68545801 5.96047968 8.19471228 7.93724014 5.33660085 8.04358843 7.98080937 8.18322262 8.67653395 5.66510823 8.28021003 7.85830161 7.59339019 5.23621165 5.14192436 4.5365293 6.56865968 5.93997043 23.09136949 6.8711841 4.63239768 4.6687297 4.70827493 4.84024374 4.46305333 4.45549334 4.4825744 4.50492275 4.51907735 4.52929056 4.5667874 4.61017289 4.66028201 4.70894262 5.04858297 4.88341101 8.40500388 4.55720648 4.40442351 4.26746689 4.36332924 4.44761159 4.38711925 4.78329686 10.28122397 6.26688158 5.42324922 4.90714538 7.60545862 7.56267191 3.61685515
4.58865937 4.96712976 8.10856995 5.18285054 7.96492252 4.56763058 8.32716744 5.91786791 4.85376097 7.51159149 7.71084318 7.80844475 5.31258701 5.87268305 9.13090862 8.81978642 5.12467787 5.34378028 5.53126434 8.687605 4.56130753 4.30151384 4.35881874 8.05670433 7.51829123 7.48766693 8.45237795 7.63235548 7.43793652 4.47216112 4.31175413 4.42538436 4.48338013 4.51501875 4.53164702 4.52927703 4.50249603 4.8087428 4.92864735 5.29736795 4.85774037 5.34969234 5.06887326 4.84201141 4.36487983 4.27678028 4.51893352 4.65925704 4.79918097 5.37104064 9.72366738 8.72726549 3.59413619 7.86771957 4.68144222 4.99461005 5.09989597
4.35717954 4.65683598 4.71135013 5.41613377 4.73584344 5.42111056 8.79227501 4.71656203 5.01156216 5.12120255 5.15804965 5.31299403 5.26459129 8.7940192 8.77286469 8.42645397 4.69084921 7.58612498 8.03302788 8.04818758 4.86968256 4.47827332 3.98865058 8.17096659 4.40160521 7.25397958 7.08350397 8.4534728 8.12895814 4.80973795 4.3163631 4.45628619 4.50936334 4.538997 4.56224641 4.5662512 4.47016156 4.43412148 8.38113401 4.5132181 4.66558619 4.84050699 4.80183404 4.65134094 4.47277504 4.24933427 4.06773229 6.98558729 6.95648192 8.14492183 9.32542908 5.32019195 4.7840175 4.65942595 4.96509525 4.68257831 4.69723346
