0.0 1.0 2.0 3.0 4.0 5.0 6.0 7.0 8.0 9.0 10.0 11.0 12.0 13.0 14.0 15.0 16.0 17.0 18.0 19.0 20.0 21.0 22.0 23.0 24.0 25.0 26.0 27.0 28.0 29.0 30.0 31.0 32.0 33.0 34.0 35.0 36.0 37.0 38.0 39.0 40.0 41.0 42.0 43.0 44.0 45.0 46.0 47.0 48.0 49.0 50.0 51.0 52.0 53.0 54.0 55.0 56.0 57.0 58.0 59.0 60.0 61.0 62.0 63.0 64.0 65.0 66.0 67.0 68.0 69.0 70.0 71.0 72.0
1.0 0.0 129.928808463951 207.8780305438858 194.4212607489685 185.25506358297451 191.3715573335487 181.47531439062402 160.91097586028474 206.5382391682739 158.28297182949478 202.5834827595259 180.32612102515634 150.74131374909575 145.30314848388971 150.84284378856154 174.44272985518933 132.76436465950016 209.6108736952366 167.4532184952625 183.66601527620173 199.84086475014027 163.93202397429664 179.65086263588404 164.54892527416754 190.9365372702904 139.14645057813638 193.47660945023745 176.1905361535184 199.5815032129176 174.16267485732777 128.52974504575502 174.71548924420546 177.4281357730929 153.05496017696504 185.30760177314244 169.18500585846576 189.15908064610096 165.64507542325606 129.98953043474572 150.1481600704827 168.13206678998787 161.31193621580687 141.368651974379 165.73208530831312 171.52282451317848 204.86238749519808 186.05587724757743 150.12036791004127 179.56807150638656 178.57591769882401 167.91082079913653 213.74242531658828 158.0337060752965 154.48130952809944 193.89306942999733 187.26708161422454 151.9134075226978 170.3629812991484 181.4527765242231 150.5588581187197 149.76370310177612 201.94705619094617 145.9054475593639 150.8436847422607 185.39042699036605 165.76947509105844 160.51048108066428 153.87296795172938 194.66371454965798 154.3363033763855 201.8317888461329 140.03472457343395
2.0 129.928808463951 0.0 226.678714089925 213.53849371109732 204.3315310230618 210.3591518871152 200.30292992024417 179.65386233973462 225.50141496070557 175.62025366364378 221.50718983213804 199.24938991202376 169.7134912958843 164.6088981273566 181.95875580400232 193.27556106604263 154.12832591620108 227.8035241777852 186.45866556428834 202.9889986502087 218.924949790646 182.9341383918331 198.28749912392703 183.64652373003864 210.50496596543485 157.98936061842755 212.41627766216973 194.99540139936465 219.41169716289295 192.46197967841127 148.105219274939 193.83939314392225 198.06196938493432 171.8743021008584 203.9668906486039 188.28121750015634 208.05347987079563 183.12032191501038 149.15335408304693 169.2408559942878 187.11651703792126 180.12239535944636 160.42244182466345 184.8589409066109 182.9306552844589 224.21924222556015 204.95289005232843 169.13776642544934 198.44668135697177 198.3659873782595 186.8784707990584 232.3901099025084 175.19308693850593 173.72287939148737 212.8071665743384 206.3283804808226 171.13169384044463 189.36342110633515 200.4515856549625 169.3521471369347 166.49305919025426 220.87596746306423 164.97432668617526 170.38096008733496 204.22018740205212 184.49794547878875 179.54844477203335 172.36333710761104 213.67571484842267 173.52991472070997 221.44081895971388 159.5692291632231
3.0 207.8780305438858 226.678714089925 0.0 199.31219994355155 204.59869420414634 207.61412879280314 199.47003119069905 184.8201443001771 222.41384940834735 193.31288710564996 218.21836350763948 196.12866612081916 137.03533033716343 152.97716185319652 236.29977487517579 191.95212832521156 179.99695442850293 234.74676936377807 178.15215435362222 193.65117437237672 208.30874756558478 175.63727096203266 208.91378124900638 173.79895447207804 215.55455720236614 163.263209842872 208.92025285825105 193.84398865883173 217.4847538480868 182.42124250623436 142.13619020693847 185.82182749147898 205.16228010428318 135.75660263510957 211.40592398686726 175.32507725034702 173.3007601455472 190.55339485798976 138.2349051708559 154.85273125074576 181.02495218370473 140.95289573779195 140.91156504715696 169.08144648820672 229.4205511347824 218.29310306000474 203.03001015288223 169.66604699350648 196.05985436603515 195.9544047485257 182.45366483993564 238.78836850691854 203.86803677461455 161.25890867565263 210.1565921715035 196.16821749685312 157.18351321514186 180.94471891771622 192.48734858638568 136.61486283947482 182.84445495173145 217.49232300333858 142.31849633724127 163.89776487414412 168.32465130373942 189.5388388120321 176.69246397657884 159.17879555831527 210.01336422321782 157.78628562775404 217.08475152855956 154.2375262407326
4.0 194.4212607489685 213.53849371109732 199.31219994355155 0.0 180.57887562191817 182.25804094223378 176.00777385178554 164.5719842255922 197.08503282870794 183.76043192510053 193.0897234166614 171.07604540901758 138.23835804895242 131.9056409268246 223.08586224850671 168.2445424421999 164.7051757359697 226.80230188943713 150.03463291812267 182.32599210696145 175.8227653536497 147.97495530713596 191.45116622180115 141.56396592192846 205.56847407224166 142.75099789470318 183.5873961179504 170.3641073360165 200.51812496683596 181.13824929807672 125.23916200686745 155.2829089570498 191.0195715135618 146.63860527011394 192.51370127915422 138.9314481962415 180.38800136501447 182.87244116910648 103.35338727116603 117.42146709025188 154.14221324079168 154.66982186882302 133.22609810747034 133.37882306537207 216.12624659575349 208.67026631280413 178.67675482031942 146.03420176723608 171.61892660984023 178.71870771189538 156.47633786608966 219.46666040559654 192.93194259389725 137.12717976135858 185.37168652111905 165.3285356090418 133.9450924849749 152.90281226084198 164.6316854499825 145.5300804022036 173.01389178236752 192.28606147361074 130.41352582281817 145.47782141511223 178.69754578802082 169.28096995962932 150.85054961218174 158.5196415852169 183.93286917333515 142.96422057145423 204.79691909650768 142.24811668831296
5.0 185.25506358297451 204.3315310230618 204.59869420414634 180.57887562191817 0.0 162.84062839889788 162.48894565636456 144.95029025897645 180.84591319045177 177.90965890807834 180.30067208558137 157.83145724089002 145.4696587923348 137.35665405335635 214.7902413001146 155.66000017426597 153.46991784394095 222.99829025841154 147.4583514235657 184.24460310755643 181.64758280218962 142.51069163240027 174.61173711014158 145.3761312681608 203.1176656154999 120.68457983476932 170.31860701732916 158.72124703433786 199.52909120031418 179.45473679325679 126.39810232401305 152.61211749477428 187.44726709086808 151.02037765914469 174.10614191725864 153.62396994119126 185.87885265240152 176.53609172161458 114.20157856069842 135.79343336884722 145.86347512536796 159.14051605551026 138.41483001870392 153.86993884445417 205.93361089650676 209.04406380053624 163.86039507102015 113.88804672401044 159.19683128595844 177.89555697982996 144.12104290016288 201.4458211858112 186.23746031221043 144.3289583900508 171.40943838698013 168.44382866388494 142.34852791797684 150.80546430788294 161.29608163189508 149.28713318691098 165.37037169614698 179.42161063528738 139.06418913005353 146.9033445593768 183.21058699173534 150.0910741983708 126.49162394168727 158.04318003867073 165.67207411488104 149.18470365944353 205.0801555962522 142.84510285961275
6.0 191.3715573335487 210.3591518871152 207.61412879280314 182.25804094223378 162.84062839889788 0.0 155.8745120440759 148.18876977010606 157.6336540789296 183.1064831656662 166.63524780307466 143.8375939699387 148.40518204408858 141.43010325003436 220.80655937702204 148.89150061752326 160.2441957425703 227.88008960913936 139.5697424707871 188.55820129343425 180.76892518478311 131.7102073989091 181.5619932022944 145.29552983960167 208.06003874343958 126.83046039594643 154.49134430425755 153.0910581707903 204.84639133548183 183.76617120345418 131.22768933537893 155.5277561061989 193.01270737351723 154.37768394665227 179.21083053153 154.0013682045025 189.08977693019068 181.48245809060705 117.42786441525915 136.41696687955974 131.7653100101778 162.4567283460251 141.9371591843784 156.0623041647887 211.98647882945318 213.54303158872392 151.82733839748153 121.27490228585296 149.70698586334814 183.20161733061354 126.04224653422946 204.88758117483502 191.69060928629352 148.1568489512101 157.90221575762365 166.02210393463514 145.87075745230783 143.38462811090062 152.67380873392182 152.76063957139777 170.6168286577792 165.15433600890054 141.95110822491742 151.7876981415953 186.55273494361458 152.7418311587714 122.0465997456719 162.22816223593458 143.76105002357463 152.74131231852706 209.76351300455366 147.44801345798703
7.0 181.47531439062402 200.30292992024417 199.47003119069905 176.00777385178554 162.48894565636456 155.8745120440759 0.0 133.1901760640416 166.08170113048664 173.19416636214558 151.30986051411563 128.98537675825457 140.73409852695346 134.6585886503841 211.12895206975205 74.48207964015148 150.50137368900872 218.37301970001255 133.85597156178966 180.62540922470126 175.7255651099544 129.61866260699978 170.4245902808342 141.172806679046 199.23525243915458 115.85438519548362 146.84226959833657 105.71045454584566 197.24540396580346 174.33284746006643 123.78895831732706 152.85533466807874 184.6744851156799 146.18067398009526 165.8895353993797 147.9704436340272 181.11728300381986 170.9487927553979 112.11361058077684 129.9627065984579 130.9092388073069 154.2562080235336 134.15653612194322 149.51285716796417 201.54136801454126 205.24627331683985 127.47526893337667 122.69750926069119 110.02687284331626 175.65624841032908 127.71361269261101 189.24357135657633 181.8145164938418 141.72954665919818 139.96493032926372 160.77984563041025 139.24620263356925 136.1114626192706 146.7989323063145 144.46094712568805 159.9824196466417 152.24457858122452 134.605909147123 144.56080846364773 178.3843127664132 136.75087392757467 131.5027731820367 153.12947363807496 162.1289688152105 145.38421674866711 201.70925525730564 139.40299438223934
8.0 160.91097586028474 179.65386233973462 184.8201443001771 164.5719842255922 144.95029025897645 148.18876977010606 133.1901760640416 0.0 162.803830916736 153.8684600002165 158.36075598886777 135.8472448919788 126.66533890902306 120.24144728787476 190.98950140596548 127.29593640755348 129.2206579232762 199.92148276768526 129.99862037713785 164.65712815225177 166.52172714997312 125.48681925934686 142.79059700500753 131.1846083468277 181.49147516688618 75.40757164932404 149.72275956367486 129.94034403405823 180.55666329006203 156.7080612886338 107.8240601709879 141.08667027499158 166.79337897302688 131.04881036401926 123.687218481881 137.76771511033732 166.39904999615936 151.31831803861124 99.67847850499436 119.49645865733555 128.0879324538001 139.17145037052217 119.26612478642296 137.3289421357948 180.3398706666319 188.64592427498863 139.26568281474064 105.85139201059982 133.80733847234617 159.04896406591428 125.73636801669417 138.6069716460729 162.18902784622338 127.89515567301919 148.57709021977092 152.8833396439426 125.56150105773051 132.90494779753578 143.5388304019394 129.07863192607496 139.7857827900443 157.91017705875998 120.92678296699052 128.7910151385165 163.3009013271746 69.14838890899233 119.77795796235739 136.01985913973311 153.35496428498624 130.91375839444544 185.17684653698075 122.97329687660584
9.0 206.5382391682739 225.50141496070557 222.41384940834735 197.08503282870794 180.84591319045177 157.6336540789296 166.08170113048664 162.803830916736 0.0 198.13910096974593 171.3846453122093 148.3186814041523 163.2437770511129 156.60014060518162 235.97551244500806 159.00526679760037 175.5136389394515 242.89598426834453 151.89896815902586 203.62180243405766 195.53506771782236 143.91905086747363 196.79438033566123 160.5733578655226 223.13999919994222 142.1752015693609 157.08326101427815 163.897265271663 220.09673309044075 198.69541104821207 146.42546974085815 171.76332291583367 208.22605095983272 169.24249486766308 194.1210188138868 168.64604983616167 203.94968821946495 196.43098813924843 132.76612523578183 150.9821292424844 140.0741622065153 177.31292658830608 156.87816858071056 170.92518064803772 227.1039323397299 228.60063292397663 158.23565665845663 139.7312395591599 157.93374565296278 198.45618601505714 126.50741698904937 219.41530273090203 206.76386620812673 163.3493851263803 162.9369069640876 180.4148997627798 160.9707717534848 155.35302468555926 164.27174392340032 167.63754965429652 185.60369559087195 169.3305269620347 156.82040943472612 167.01782758041716 201.41759262115482 167.1902094567332 143.7554618925394 177.16318496109204 169.80974263866867 167.7371932732463 224.8734106452179 162.54653322650432
10.0 158.28297182949478 175.62025366364378 193.31288710564996 183.76043192510053 177.90965890807834 183.1064831656662 173.19416636214558 153.8684600002165 198.13910096974593 0.0 194.03395739701068 171.8128623398255 137.08601991757212 134.36266381026343 184.72047101461584 166.06407485553677 139.46509373052885 165.4827541371727 158.01552840044116 169.10268206502676 189.96499021437666 154.70124769625247 173.9726415073607 154.8269623453804 169.40989309686648 132.47311347911912 184.92544421653128 167.7567981301412 190.2128421194039 154.08313230975835 117.62626460004745 165.39337291323392 169.1581201886921 137.83232806968357 178.6339354829579 158.83620894307347 174.53887591517127 143.2768520355693 119.97414375282563 139.52455960430288 159.1256959300731 146.17399473225166 126.86612737488612 154.62502268142237 182.7190267055867 188.3013958509294 177.73798741358695 142.70870669704934 171.08946963060822 169.19891792250468 159.22818546393535 206.706312577076 124.82777815048277 143.65685202787597 185.45927387753215 177.49016860761697 140.78497918468764 160.89367964815165 172.075475533928 134.91527466634167 125.35111048204107 193.3910516984807 133.0828541560769 140.55089626237003 170.23769453320955 158.64040817505938 152.31658167110885 134.15435007619845 186.23921169496444 141.50697002420412 188.09803977336125 125.89231304784741
11.0 202.5834827595259 221.50718983213804 218.21836350763948 193.0897234166614 180.30067208558137 166.63524780307466 151.30986051411563 158.36075598886777 171.3846453122093 194.03395739701068 0.0 82.57196080823617 159.1278462042385 152.88203884462533 232.03952703364206 143.25363514976831 171.68702762872084 238.80591988347035 147.2249309046236 199.70947229272468 191.70192187078595 141.69239160005594 192.91139496651564 157.25642770195958 219.17393474823294 138.7703912050853 130.94172868654897 150.09323935328717 216.40319760102184 194.5195386528007 142.6884008476472 169.31652717257512 204.43970683887255 165.1077021649356 189.8859747573622 164.5449772179399 199.8292522441617 192.1813224932452 129.32149680675104 146.742443774894 139.7646407006659 173.1691879687333 152.85510997402832 166.93224347246803 223.05278737823733 224.6532931642808 137.87405503079682 140.20544631319478 133.72233933034755 194.771039186851 131.80796736828754 214.65278805690426 202.7061869731597 159.67699901369772 127.64714973630643 176.29598882071062 157.19479177937973 149.61102152979367 159.44582008807177 163.50611751651394 181.38872961402444 110.48789696017758 152.7627934136303 163.32932850484536 197.28530050602905 162.49657347872824 146.16996169105346 173.02212910010792 174.66887112179148 163.80326760222377 220.99946345504702 158.66141646764044
12.0 180.32612102515634 199.24938991202376 196.12866612081916 171.07604540901758 157.83145724089002 143.8375939699387 128.98537675825457 135.8472448919788 148.3186814041523 171.8128623398255 82.57196080823617 0.0 137.04945528322315 130.7682042280748 209.79155569047583 121.18368816369728 149.4074443502678 216.60678005729787 125.5275215579801 177.56708788207808 169.74481552054925 119.87239303032655 170.548801554222 135.2402422187963 196.98780738170566 116.2671817139492 109.43815965020367 128.21770838501033 194.22924880672684 172.3457100533596 120.53560686397614 147.1823120732666 182.2407853154383 143.0009071788049 167.4556137145368 142.5750516031133 177.73311369835528 169.95650462829633 107.24113559711878 124.77345451453766 117.9564662708815 151.0642275422786 130.74844046046837 144.89765098646825 200.78419014828677 202.4961567331894 113.19031510486303 117.5923079332507 111.63039427325457 172.59865317724157 109.66082142085205 192.1987038670863 180.47570612854366 137.57515230553926 99.44468399127524 154.39864547405642 135.10429659051775 127.99698601129214 137.79936372908583 141.39217115882033 159.14895656823313 93.13709755171239 130.69149972437464 141.1785189947397 175.17970679092105 139.98088372841875 123.65256769816908 150.86085599641112 152.1325069819933 141.70250182653834 198.84010172910814 136.50534854745797
13.0 150.74131374909575 169.7134912958843 137.03533033716343 138.23835804895242 145.4696587923348 148.40518204408858 140.73409852695346 126.66533890902306 163.2437770511129 137.08601991757212 159.1278462042385 137.04945528322315 0.0 91.03330815221712 179.03533843029712 133.17442675938827 122.49901669304404 178.5237903901986 118.54269974186533 133.75595071506598 148.0735726311707 116.09276042249971 151.3162317692283 113.5329083341807 157.81782852088187 104.97810020596759 149.78074904625348 135.13102260359238 157.40303629270613 129.362638269417 81.60032132358958 125.58956217787401 146.31412100706766 82.46157254178482 153.54561157354257 114.77687512858253 109.19925042534959 135.73071498013968 77.37126124737229 94.20040674245607 121.61136809827744 89.85639910902943 78.29593540834148 107.04112676461045 172.66508240250226 159.54482314497483 144.08324123717045 110.68418054196252 137.12256035073153 135.78457335553327 123.18764188502834 180.8680164282706 147.2311516426489 99.26551941929361 151.1268789643394 136.1390982153879 94.76234200086243 121.35241051138871 132.92226474008652 84.21282084932034 127.21674100411853 158.38429988875544 74.9645194030823 103.07187178149645 113.87722427609127 131.39537314958693 117.32869291873774 105.66258754414537 150.66274398583448 95.11688165076521 157.6506251141957 94.7740501816302
14.0 145.30314848388971 164.6088981273566 152.97716185319652 131.9056409268246 137.35665405335635 141.43010325003436 134.6585886503841 120.24144728787476 156.60014060518162 134.36266381026343 152.88203884462533 130.7682042280748 91.03330815221712 0.0 173.50658015365994 127.16348929637829 116.02826475994236 176.8866526504408 112.7527209255976 127.84225639585847 141.12537672317256 110.04638601804103 145.16193015246634 105.83834204950585 153.90875627750694 98.1551234230678 143.4494128242971 129.25514662665896 142.84043668744863 132.26888686560193 65.80219525524187 116.62230512025018 137.59936028151728 98.70172634027793 147.3251457621819 108.57986737227719 132.55612411033084 134.5103718061007 67.30531529211532 88.94409559797964 115.47913455436071 106.96148263412525 82.71462045885221 101.2708927995881 167.79118749222062 155.7162004003012 137.7457923105302 103.11346994503845 131.02246813754942 120.67973210685906 116.81764651985057 174.73554018267077 143.42671433454393 80.10358093490791 144.81328089522611 129.71986076600083 78.60146906922445 115.67858593761262 127.12904852285381 97.30077312279397 124.62096983994024 152.11764376223556 82.51633410774882 84.28291052097842 130.75398476787882 125.03731554183373 109.70413441051053 109.30021210953922 143.53798840530303 89.15654064545353 150.15115148727673 87.6473758177532
15.0 150.84284378856154 181.95875580400232 236.29977487517579 223.08586224850671 214.7902413001146 220.80655937702204 211.12895206975205 190.98950140596548 235.97551244500806 184.72047101461584 232.03952703364206 209.79155569047583 179.03533843029712 173.50658015365994 0.0 204.06539091448587 164.6726280687671 236.2611589560863 196.5806169467258 210.9214853455461 228.74165973213536 193.1134487073467 210.23332133363562 193.46317312186227 215.71267020604705 169.18465639658353 222.91007629659282 205.8377662293566 226.88741027712476 202.61302895975243 156.07460388712866 203.68179563877052 202.24975160982996 181.32295984525797 215.59392529952382 197.9576320693469 217.4064917853941 194.95025522500572 158.7207722866294 178.8649323773056 197.3928410266809 189.61100151372716 169.319183937265 194.27531135954973 209.6367030371008 231.52120648624597 215.6051753820674 179.72518573619234 209.1036279751483 206.00565588730348 197.27333281314668 243.95072448000244 181.946340342798 182.85501421293526 223.39049958790312 216.2282280413803 180.2626667457253 199.49027397368238 210.60423983372561 178.79789782369267 179.15937807958568 231.39430985846445 174.1851870964262 178.68214146300684 213.6528744641446 195.8453186942087 189.88880316303573 182.04684529669035 224.02412708874039 182.3329557415021 228.41852974272473 166.74541183363914
16.0 174.44272985518933 193.27556106604263 191.95212832521156 168.2445424421999 155.66000017426597 148.89150061752326 74.48207964015148 127.29593640755348 159.00526679760037 166.06407485553677 143.25363514976831 121.18368816369728 133.17442675938827 127.16348929637829 204.06539091448587 0.0 143.52520021992586 211.17455609017762 125.42204210439682 173.23735691446694 167.79706742894902 121.41016195997102 163.74861982833607 133.3606412025315 191.9853094624221 109.66573941042591 139.09874959035966 92.54596225904262 189.9300598271341 167.065495907992 116.41392298071875 145.28339398534672 177.4451751974869 138.7080380225985 159.5637073671248 140.09616265825537 173.61127111718702 163.84239722501314 104.4896337720388 122.09529544717415 122.81993301127054 146.77895347907605 126.67236123165044 141.81047815292584 194.55318702519617 197.90646006128003 121.83657694579443 116.11650417488917 100.84642046032582 168.3352329741822 120.06010217407537 183.1422937890871 174.7087426952216 134.19328260501868 132.74655144621084 152.71551469714473 131.6871611971282 127.54273630664045 138.3346770290817 137.0094342199079 152.91922686030907 144.26719406607785 127.01911311989593 137.1744796590253 170.90782707184425 130.9311946581152 124.44997743458916 145.8210576305506 154.9315974463629 137.87304882116655 194.36867696706418 132.0535728366196
17.0 132.76436465950016 154.12832591620108 179.99695442850293 164.7051757359697 153.46991784394095 160.2441957425703 150.50137368900872 129.2206579232762 175.5136389394515 139.46509373052885 171.68702762872084 149.4074443502678 122.49901669304404 116.02826475994236 164.6726280687671 143.52520021992586 0.0 187.6346473838678 137.0373852683535 156.61404938167934 169.66755258906997 133.39265252157497 147.1429238146004 134.28574359456832 168.52972288828744 107.09643301549062 162.56681091940226 145.3356094257083 170.69808282920155 148.09320410389614 99.91449077742647 144.2100567512784 151.89776525631754 125.46299948839663 153.46387782965132 139.2834271699545 161.3266754192894 140.63463950749673 99.91994911867023 120.39996571679438 137.46687281324267 133.6814540754949 113.63530176159674 136.28142533812968 157.8420027376758 179.0638202295641 155.03881677875495 118.41573699595008 148.66914948782062 149.52186467396658 137.05872672569825 182.15420214319846 144.91600671909424 125.01707964175841 162.93307355261146 157.03584463907646 122.59948529260765 139.96924447927108 151.0044482217664 123.13374592429017 126.97066131381996 171.0499212629107 117.32628342077874 121.64108961588855 157.77145097419395 134.15273171527394 129.3079664293599 127.71560067595033 163.62152938384804 125.97753359756713 175.37439883604975 113.53198016835984
18.0 209.6108736952366 227.8035241777852 234.74676936377807 226.80230188943713 222.99829025841154 227.88008960913936 218.37301970001255 199.92148276768526 242.89598426834453 165.4827541371727 238.80591988347035 216.60678005729787 178.5237903901986 176.8866526504408 236.2611589560863 211.17455609017762 187.6346473838678 0.0 202.05995761554055 209.0366842730984 233.5636967845581 198.87571309144678 220.86968140669563 198.48870017755047 206.2257147883134 178.4660447011825 229.65483673267397 212.91366247300527 233.1324581390462 193.54279576905736 159.8165094842045 209.23697653543493 212.67902500712808 178.64106415280062 225.06503431357459 202.11835815532322 215.51747324756468 189.92002135209907 163.3176560525374 182.6447193571617 203.47558534263675 187.09462516374214 167.33942242158548 197.3625411109638 233.3808561470682 226.78203295787637 222.71172798026947 187.89584730573512 216.02081254663867 212.12986434680485 203.80920266916587 253.00063949316083 190.34928430916216 186.35723440320965 230.32259023004883 221.20012734364593 183.33603806021802 204.9319824227693 216.17200801660033 175.48118259819603 179.14623068697432 238.14568888814097 174.81000614720267 183.15200248116307 211.0585062073565 204.6869194484327 197.01136551892466 172.6416448793375 230.86159108495212 182.9324481019977 228.54610643207573 166.08577890894998
19.0 167.4532184952625 186.45866556428834 178.15215435362222 150.03463291812267 147.4583514235657 139.5697424707871 133.85597156178966 129.99862037713785 151.89896815902586 158.01552840044116 147.2249309046236 125.5275215579801 118.54269974186533 112.7527209255976 196.5806169467258 125.42204210439682 137.0373852683535 202.05995761554055 0.0 160.83306930255725 145.57209036660765 83.69986265249534 160.68032235562964 112.4946462801974 181.79529381996755 109.11603256001649 137.19896742766957 127.67380833328605 178.17508329908816 157.1169517252789 103.85231535338659 127.77261970840594 167.1660917266836 125.47633607761077 159.66015051173207 119.84581717440449 159.82692941281587 156.54330522530913 87.55749730898296 102.48317309511285 98.01654453934594 133.4954585284965 113.01478554592182 124.62991715664579 188.44213714181353 186.31210850180764 135.18677038142926 110.34437289579847 127.36127590542141 156.47898966052048 106.92170891480077 185.56841418736627 166.9033712426829 119.07630804192877 140.69360391563322 128.07636262146985 116.39704009464205 91.53224209134713 91.5281294355216 124.09906046573823 146.16143521159444 146.21305952245734 111.83501463971251 124.34912333374643 157.61049483703 134.45489820670505 112.97659363533373 135.15415631218258 141.32189980031387 123.61497353989122 182.60426353590952 120.1792794528172
20.0 183.66601527620173 202.9889986502087 193.65117437237672 182.32599210696145 184.24460310755643 188.55820129343425 180.62540922470126 164.65712815225177 203.62180243405766 169.10268206502676 199.70947229272468 177.56708788207808 133.75595071506598 127.84225639585847 210.9214853455461 173.23735691446694 156.61404938167934 209.0366842730984 160.83306930255725 0.0 190.73349420129247 157.9819386237945 187.97384094204722 155.70268089919668 181.88038648247425 142.7923066463553 190.3955196635645 175.18580645775677 183.91428534436056 166.35315494458143 105.77652599533717 166.73793714194528 170.69895409027174 136.77556908993617 190.9769270300754 158.4506877918912 172.00989663878016 171.28435043478453 119.14272177465352 138.64731408297368 163.09611697754752 145.48861044184395 116.95477494355126 151.91347378649536 207.15317826084828 174.47915056345667 184.21543197573374 149.59681291709086 177.47966323293304 162.80695231107674 164.07450561530126 218.60816803597777 178.93484949470943 138.9647303836108 191.48935871995263 178.8165290337576 135.8205557879802 163.71600513399116 175.10443729773755 134.23356109282855 162.01434768660434 198.98756979188548 128.15343312710388 132.1244382077603 168.9507744911258 169.44521884830664 157.28079635884262 142.03788895825738 191.0473373804261 129.0420550759356 169.02724209998155 104.2613446240024
21.0 199.84086475014027 218.924949790646 208.30874756558478 175.8227653536497 181.64758280218962 180.76892518478311 175.7255651099544 166.52172714997312 195.53506771782236 189.96499021437666 191.70192187078595 169.74481552054925 148.0735726311707 141.12537672317256 228.74165973213536 167.79706742894902 169.66755258906997 233.5636967845581 145.57209036660765 190.73349420129247 0.0 143.83715619241735 194.950894359735 120.66773881803522 212.75898227327943 144.8727342818167 182.03591667474078 170.0194922951986 208.12645244248645 188.4005114824825 133.39877202200378 151.8638242403793 197.9708487897339 155.5805903121046 195.169314452398 138.34096420067377 189.68657947018232 188.85239790814344 111.75041287276565 128.22923276272235 151.0638373584989 163.61359454490702 142.61074012741233 151.87305369875605 221.2237236011123 216.63803928627408 177.8527963568397 146.6717104482083 170.7159518337424 186.36662169018234 154.3034127741106 221.77499570212933 198.93969787663235 146.74016638188115 184.2390965102549 143.9990145823736 144.33894134780545 148.81611738918247 160.59847702457228 154.30331233702475 178.67300361191684 190.83848263515955 140.89697507430378 153.68044627318793 187.68325861934977 171.16984492265243 149.42506251474867 166.13439124310077 181.64536404714065 152.70088345497442 212.75383283204695 150.28853261346373
22.0 163.93202397429664 182.9341383918331 175.63727096203266 147.97495530713596 142.51069163240027 131.7102073989091 129.61866260699978 125.48681925934686 143.91905086747363 154.70124769625247 141.69239160005594 119.87239303032655 116.09276042249971 110.04638601804103 193.1134487073467 121.41016195997102 133.39265252157497 198.87571309144678 83.69986265249534 157.9819386237945 143.83715619241735 0.0 156.6392017881983 110.11468750472362 178.68817302327435 104.56074013142933 130.92436078335564 124.07444768758165 175.12807138625826 154.0840186344265 100.92817332840858 124.49118712822553 163.9810759654459 122.85299095436281 155.38493327144806 118.13059467411446 157.26827946043088 153.20175367920143 84.9739034604828 100.7815136990252 84.91703935759901 130.8838440999221 110.38586004109459 122.43836606027028 184.85459980617208 183.3756290029796 129.7370926771737 104.8817306536349 122.91575451152211 153.44028709252206 97.81385900328075 181.23619851269035 163.53502273993067 116.42729507669586 135.0935084152829 126.87025101513098 113.8334124527606 94.67523999157976 97.49993906341243 121.43167236919953 142.73347874692251 140.4897461363383 109.4244788719445 121.43213980368614 154.99439794086877 129.95002961754017 106.77269252415219 132.19734526653804 133.19680204262295 121.01413620673048 179.6515168071989 117.24622862556174
23.0 179.65086263588404 198.28749912392703 208.91378124900638 191.45116622180115 174.61173711014158 181.5619932022944 170.4245902808342 142.79059700500753 196.79438033566123 173.9726415073607 192.91139496651564 170.548801554222 151.3162317692283 145.16193015246634 210.23332133363562 163.74861982833607 147.1429238146004 220.86968140669563 160.68032235562964 187.97384094204722 194.950894359735 156.6392017881983 0.0 159.5318993155053 203.14742606827065 119.54715735328534 183.92736840697336 165.63232416895855 203.55962171583946 178.41851636988787 131.4006859449765 169.26344092216394 188.53118448024736 154.8206463040712 161.38747653478617 165.36733691565536 190.51955060508175 171.27052487482047 126.50265986837155 146.79700981625524 160.12070005068585 162.9722433558263 143.35292344476784 163.6412534720731 198.29986240269574 211.36432628169297 175.5031925366123 138.5067020302774 169.4015012627381 182.14145570231335 158.93294801014815 194.9390380264924 181.98218805968452 153.3540669989804 183.8192233091272 181.88145319323692 150.99067085205115 163.61765349359757 174.47435436756288 152.6509729141165 159.10324745386663 192.33053565301213 145.96490010295702 152.62251343393194 187.11438401689745 148.277093458855 151.24457200833572 158.17140110467426 185.57136639385777 155.46434730803333 208.0401051035485 145.91492771062713
24.0 164.54892527416754 183.64652373003864 173.79895447207804 141.56396592192846 145.3761312681608 145.29552983960167 141.172806679046 131.1846083468277 160.5733578655226 154.8269623453804 157.25642770195958 135.2402422187963 113.5329083341807 105.83834204950585 193.46317312186227 133.3606412025315 134.28574359456832 198.48870017755047 112.4946462801974 155.70268089919668 120.66773881803522 110.11468750472362 159.5318993155053 0.0 177.65338234574904 109.37610299284549 147.51621393418105 135.67346642233878 172.81973998007854 153.47147613989705 98.14998050939994 111.0441871585073 162.7164849682568 120.92576181528264 159.80183802105358 108.86268373842807 155.06714367639316 153.75855041061698 75.31530511022646 95.63178783982872 117.09555016245616 128.97659990220583 107.8365022995371 117.38983258313462 185.94017378514917 181.6012529928483 143.16125769528827 110.78746570602354 136.32113094530226 151.05267553462977 119.83358573888566 186.4836459458051 163.75370826712822 111.30634327827184 149.6471461828789 117.8127426941439 109.17347811876982 115.91791436784506 127.43196776352609 119.61176216997465 143.5177092695599 156.380445995796 106.32085879006273 118.3746017608192 153.0315175875353 135.86674702029086 112.94512959180358 131.2351773692845 145.77565429778153 117.83029645168094 177.64425974155154 115.19600102625466
25.0 190.9365372702904 210.50496596543485 215.55455720236614 205.56847407224166 203.1176656154999 208.06003874343958 199.23525243915458 181.49147516688618 223.13999919994222 169.40989309686648 219.17393474823294 196.98780738170566 157.81782852088187 153.90875627750694 215.71267020604705 191.9853094624221 168.52972288828744 206.2257147883134 181.79529381996755 181.88038648247425 212.75898227327943 178.68817302327435 203.14742606827065 177.65338234574904 0.0 159.75028671078877 209.95348854067745 193.82922638108306 206.77758570381388 181.11934582330653 133.93301783480092 188.39054744653208 180.14429617586018 159.1816085174263 207.0518407039238 181.11330228836033 195.38227852975444 181.91290906912064 141.99344171782286 161.58892932404922 183.43738999461232 167.73820812850636 145.14542478817285 175.89498555546857 217.35342016969616 193.53547298736947 203.26525603899742 168.2422117533232 196.60453905845304 186.18313123776562 183.9452622892499 234.94868496464258 178.75434515565325 164.0244268239988 210.7674288169428 200.55163361186123 161.06924378828995 184.6817961054781 195.95634060367095 156.26091374076884 170.8723404862535 218.48928193390287 153.32450722509327 158.52625005936625 191.50062996658602 186.2908997810618 176.98880601143367 158.1890959569887 210.87954106841187 159.7376648088929 196.27499153198013 134.30813762066478
26.0 139.14645057813638 157.98936061842755 163.263209842872 142.75099789470318 120.68457983476932 126.83046039594643 115.85438519548362 75.40757164932404 142.1752015693609 132.47311347911912 138.7703912050853 116.2671817139492 104.97810020596759 98.1551234230678 169.18465639658353 109.66573941042591 107.09643301549062 178.4660447011825 109.11603256001649 142.7923066463553 144.8727342818167 104.56074013142933 119.54715735328534 109.37610299284549 159.75028671078877 0.0 129.7534369840581 112.42819654978618 158.3183223736098 135.3893186831073 85.69003761450404 118.87511869453095 144.68299911038915 109.46297943609765 106.58213239333978 116.06798434516784 144.76375359074564 130.27826076436335 77.57217994663013 97.81393474816846 107.3667120889608 117.59298506355533 97.51918121178446 115.4890450871067 158.8180923583713 166.84864623914478 120.42227575009494 82.20285121415944 115.24084255912457 136.80026508574915 105.18851444406243 136.6774169777381 140.6858282675742 105.8161848812562 129.2332811920183 131.4173007515811 103.55331220124631 112.11648515494224 122.7403499207665 107.50780389894686 118.68388515654303 138.19769385762226 99.15628876290054 106.59302146783789 141.708181198947 83.8626107299696 97.41144882186848 114.59940670507338 131.68068784981529 109.03999336888772 163.25009873600706 101.06689690293656
27.0 193.47660945023745 212.41627766216973 208.92025285825105 183.5873961179504 170.31860701732916 154.49134430425755 146.84226959833657 149.72275956367486 157.08326101427815 184.92544421653128 130.94172868654897 109.43815965020367 149.78074904625348 143.4494128242971 222.91007629659282 139.09874959035966 162.56681091940226 229.65483673267397 137.19896742766957 190.3955196635645 182.03591667474078 130.92436078335564 183.92736840697336 147.51621393418105 209.95348854067745 129.7534369840581 0.0 144.83436789579264 207.06005107721256 185.35870378864576 133.3267028222828 159.4818708961948 195.1723402557319 155.81636069254972 181.1023186215608 155.0006066126295 190.5142641541872 183.13552006214982 119.73682133835845 137.24878604442125 127.49238954538107 163.87803841768752 143.52186247169928 157.46513830712462 214.00148933024903 215.37719642937375 136.21866203652993 130.03942454041695 133.98238925625495 185.422216238631 116.3359010070678 206.08507280476942 193.59492374856273 150.20855491031705 133.773807335018 166.6199801726621 147.74432460368615 139.81116255627677 149.21439666183716 154.22578704795458 172.35419017211694 122.7609568482248 143.38197644664154 153.94646131065616 187.9909633516341 153.9514830581868 135.39245509431754 163.8265458748366 163.26665749470266 154.42706177610205 211.69950706375153 149.36017130068936
28.0 176.1905361535184 194.99540139936465 193.84398865883173 170.3641073360165 158.72124703433786 153.0910581707903 105.71045454584566 129.94034403405823 163.897265271663 167.7567981301412 150.09323935328717 128.21770838501033 135.13102260359238 129.25514662665896 205.8377662293566 92.54596225904262 145.3356094257083 212.91366247300527 127.67380833328605 175.18580645775677 170.0194922951986 124.07444768758165 165.63232416895855 135.67346642233878 193.82922638108306 112.42819654978618 144.83436789579264 0.0 191.95621971571194 168.79145524225726 118.44399701665537 147.7608237171204 179.38308010513572 140.59683305560895 161.64499529951982 142.22992284413004 175.52970405492266 165.42133490296584 106.72560699265895 124.18548379915703 126.05774460319725 148.66659314736674 128.6233429334671 143.9009320326894 196.22031351803963 199.8098631812527 131.58513563860097 119.62232412543396 114.99930983633934 170.36814895673993 124.34599799367462 185.21372150239523 176.42048793777087 136.31805424924204 140.83190353681957 154.91104514298513 133.7852732538007 129.6567526945545 140.67206781842765 138.885495389582 154.50187095972538 150.68123141101546 129.01917855023132 139.23328620526004 172.80046045879286 133.54291912348538 127.888209130234 147.5947423487685 158.58569729909203 139.8822990199788 196.3123427645375 133.99568875486153
29.0 199.5815032129176 219.41169716289295 217.4847538480868 200.51812496683596 199.52909120031418 204.84639133548183 197.24540396580346 180.55666329006203 220.09673309044075 190.2128421194039 216.40319760102184 194.22924880672684 157.40303629270613 142.84043668744863 226.88741027712476 189.9300598271341 170.69808282920155 233.1324581390462 178.17508329908816 183.91428534436056 208.12645244248645 175.12807138625826 203.55962171583946 172.81973998007854 206.77758570381388 158.3183223736098 207.06005107721256 191.95621971571194 0.0 191.63402232343373 109.01501778052454 183.24656688849973 178.03787659336447 162.38271461262588 206.8394254073434 176.36478825323312 197.21303795328112 192.34822253497492 136.01119421184308 156.96553410081776 180.08119057916986 170.7638806045519 146.61191511127788 170.74916744144684 223.72089863195163 210.28370908573737 200.75621034574533 165.14093239386773 194.18941874339333 94.05824941092585 180.7990748931217 234.65341530750382 198.2556529908543 155.45696324606473 208.0985428704906 196.24581338400031 153.22663965574034 181.10706769680013 192.40791196187257 160.3755964861268 181.69903023500862 215.6773154170507 150.6995828605665 135.50581610959705 194.54419664080137 185.41480399918956 173.32037292491856 168.8894566210633 207.3890950056807 155.71761087561788 200.47277610812392 139.48303876878452
