0.0 1.0 2.0 3.0 4.0 5.0 6.0 7.0 8.0 9.0 10.0 11.0 12.0 13.0 14.0 15.0 16.0 17.0 18.0 19.0 20.0 21.0 22.0 23.0 24.0 25.0 26.0 27.0 28.0 29.0 30.0 31.0 32.0 33.0 34.0 35.0 36.0 37.0 38.0 39.0 40.0 41.0 42.0 43.0 44.0 45.0 46.0 47.0 48.0 49.0 50.0 51.0 52.0 53.0 54.0 55.0 56.0 57.0 58.0 59.0 60.0 61.0 62.0 63.0 64.0 65.0 66.0 67.0 68.0 69.0 70.0 71.0 72.0
1.0 0.0 553.6482962918262 735.3444110610124 838.2664336501484 642.4580541119192 753.3304899457328 710.5981651906683 673.7276313117304 829.8133027679158 574.9113495054589 935.5362964878298 939.316929356964 707.1119390764726 677.2481089231176 355.0822126521481 676.209747200018 667.8052507073327 566.0235116961426 757.6856840207122 660.3564912485826 768.6890355824344 693.8295255623427 661.8530268092934 865.076814329716 612.4128078806488 811.5487656484449 712.5516368483591 727.0518057778859 811.5787999303654 646.7617971578293 653.83575712722 760.5907973582875 568.9119448856335 681.9163303859444 683.176318602057 771.0779241626777 705.7187471521022 649.5217461255328 584.9186572294589 663.6743689878974 733.7892189405586 818.5539184805352 800.7717109690143 849.8307615287811 579.0014713271099 702.6086127705571 830.0502061324165 885.2473325600076 866.8031697219474 809.4946068757824 735.2283140883054 889.2259453168094 716.7822493036008 756.0381386436256 930.0078304412546 850.1400639983698 849.2535937153002 826.738773636984 684.542480594244 878.5446530520038 805.994400622289 863.7029671132759 778.7193930172803 633.084600092735 719.6376405460968 659.8767253118396 699.3389997913328 752.843914322908 910.2349970109012 723.1194294099962 718.7042306781743 604.2443322370018
2.0 553.6482962918262 0.0 755.3014267482868 859.1299781417595 662.6534284733166 772.998010736856 729.2481753128783 691.6782002890707 849.3029338095305 592.0038553697557 954.7834754510491 958.5552038148071 727.7214977597528 699.6533669568447 423.42718461375415 694.8735257136954 693.4188621079583 586.0214131068074 777.6034162866116 683.7586835227414 789.1790170087722 713.7087272126362 679.1845565872699 885.6404862308398 637.5195256014974 829.868516007786 731.901426839325 745.5724869602097 837.0319598284894 664.7834896967677 678.3305117772904 781.2662630207208 598.4236444570785 701.9503072490169 700.686533196284 791.7507799591677 725.9886360453958 664.1053968863132 605.9349858643775 684.3458793814173 753.4875491670034 838.5605381723093 822.4067473064487 870.897956195479 559.8277001684893 726.3326415474064 849.0595175637773 904.9894484557468 885.7564814995095 834.831555697227 754.7649130509617 906.8672984941636 737.1235872867323 777.8803740521888 949.1362068721637 870.4760082637165 871.009182842407 846.6163408934897 704.4069786283344 898.5004724975086 817.7981305248936 882.9968392653589 799.8035053148196 656.7013804563188 739.7222046346877 677.7974322462676 719.3851425240669 771.7832412168741 930.1062078774629 745.2493060121733 743.5521715735817 628.833103223815
3.0 735.3444110610124 755.3014267482868 0.0 650.6315361738214 521.5585577581675 615.6699809839067 586.1173352002652 574.7572877863831 691.4692799032723 536.1257046250893 797.571881670797 802.1354517271111 424.0357752017951 519.5817921018293 525.1771327634626 550.6576313220172 683.8337334547555 488.41444074764996 598.7171142127127 523.0544366574663 598.7796568574693 538.8998802007841 590.4783927778653 699.7199654464321 542.549004085158 715.2928594242342 572.8418883283631 603.0507969662324 711.3342822889681 486.6738646122889 535.4772232729636 605.8379590685021 515.1459447532734 384.78486448808087 594.6976191448423 588.4630581091652 407.17637418748683 564.7834464408941 417.33672162610856 474.6483039509372 583.8792142950646 509.8710626542539 606.3604138921135 657.5633894709829 640.5515638697766 580.9644832229546 700.2044528324184 763.2840533842678 734.9762703084534 708.4256683171393 592.3471360525695 793.7773808958593 736.3666748816365 590.5442466477034 796.7169584756016 680.9588977681949 673.6693621267129 667.10838594145 526.84771825627 612.2206159601824 751.0610433437853 724.8484262118347 548.760551970282 503.2898303908868 424.1320019097317 559.7670829347318 560.9870629379283 582.341009982782 767.9536683370619 544.1706051371724 607.4981655591857 489.6969584699466
4.0 838.2664336501484 859.1299781417595 650.6315361738214 0.0 567.4821895792012 656.0789866867387 639.6306257741529 640.7112180404515 733.7354741407817 658.9071657940906 842.7167934922179 847.5188058389263 608.9656132876238 585.1616290386132 629.1199427907551 603.8033480745365 775.7672565202861 618.0297760572605 630.6627219979016 635.1419814925933 602.9931362074183 571.8910645533015 668.4900474489979 703.8627831420256 661.0062242796272 780.8027640239807 616.5179682519131 657.6773842638986 797.975313853028 648.494324934205 623.6460397025071 620.6894073585307 614.0103111186903 614.7024698339102 666.3377775333032 565.6796418401077 628.9742624224384 696.645012756584 405.0836937928058 450.6480552914444 620.9949773483104 749.3843373960171 734.5013790452499 645.6210387666782 742.8433685693664 700.4790538736161 749.40420643626 810.8891598814016 784.2625500928744 793.9949052850749 633.038722061011 862.4204678600656 850.380233300037 637.2670864963775 844.0173420952731 695.8880657621187 726.0691377484159 700.2061048426424 560.1222096496875 823.2184265624602 873.4330162609564 769.319205124925 667.1373001680585 581.2723328467198 651.2282722271415 625.4546653396412 596.9642545219041 746.3374665759434 804.0664000588567 642.4529289187244 714.9997598727646 598.634988713904
5.0 642.4580541119192 662.6534284733166 521.5585577581675 567.4821895792012 0.0 419.1781082366541 418.30376361061275 397.9393998818146 510.15228888683987 476.864547669117 631.1061122745028 633.9657900753916 486.1775685787711 442.62062828851197 435.8894298678212 384.7648052950909 567.5043265735962 443.03790865138313 455.52948311303965 478.9725860112942 474.5937118178853 386.5151118979885 433.52846043482225 566.1929110262249 487.953146393157 527.3950602426319 404.9919021240501 440.67956190052075 625.429222696786 484.02657833865163 460.0108882350945 446.90203415088683 434.25488827309243 478.5015518636993 427.1699945766744 491.6251743879719 496.86973203096073 514.6881790666008 300.6106015931555 389.3095435108666 425.7311555183826 613.9779605538133 596.9294577267609 589.709496587934 541.6296205043569 538.9496791898181 525.5664323635085 491.6565583421062 569.1938166208315 621.0584223893283 422.4048583382666 624.198058219853 664.1906078351412 504.6243483754108 624.3004537817927 554.3684619673302 603.0028044397294 527.0951342870351 382.44599891643696 682.119341685881 685.3186633052359 558.0258347389637 550.1806925858277 420.05809262039986 515.5499920381262 384.3805406138993 339.3256344075221 585.9780683697838 575.3139849397918 507.7072730068568 551.3575749510378 435.99017408318593
6.0 753.3304899457328 772.998010736856 615.6699809839067 656.0789866867387 419.1781082366541 0.0 467.2143628808383 488.77780873138676 476.62508638513697 583.090479285639 651.3004132111264 652.7372446814345 581.1911388914169 549.1590164086064 546.6534119892483 433.3139516975218 682.2409390974087 548.3498240437648 491.123548680028 584.4294951490768 547.0668272049946 411.2788063554995 547.2248151675497 643.4042720405996 595.0282781990859 633.9484325327944 415.6926321300455 493.3159663344205 737.6039899508651 585.5582099660406 569.7783682275973 539.8382788188171 545.7207541992391 575.2561117856867 527.4971508258179 573.2258323592623 593.1315776044225 618.6913838538771 398.23065415152263 471.0431848321441 436.8343273344584 710.4353961555066 697.359182064421 682.6158691870521 651.643365387871 644.5886216503359 555.3200278004452 622.6241282114406 606.8599599688696 733.5145337748911 415.372062160557 715.3108717043563 772.3236155312841 609.8347279762829 647.0111162723279 618.4186736220599 705.4172329182388 564.5622278527657 415.4364041670825 779.9812917868771 790.4277112909856 574.4373506130288 646.1697305734136 530.5976479587337 612.2890783955147 472.1782153788065 397.42356753879386 687.3893879681121 539.6173986515576 609.3985656253853 658.6833888543229 542.9539593730584
7.0 710.5981651906683 729.2481753128783 586.1173352002652 639.6306257741529 418.30376361061275 467.2143628808383 0.0 410.7104374389719 520.8539685350453 541.0237890293729 586.5145521145624 590.0642344971452 553.8099115675814 526.0201109949849 505.02525994957205 170.99004946495967 638.5786398950539 508.57165519558987 483.65324289168916 553.5180568667884 540.2985383525397 416.5690046327544 492.0523448442922 640.2420144928061 558.3628051378867 573.6356152473352 379.9078967592312 306.7366799719201 707.7231517439009 546.4128439649496 540.9518685862334 541.4838271515583 511.46225627020704 544.3324026722826 457.7540797984674 559.2309334766952 563.3717754297559 573.7977361641263 386.3491934921985 454.79731512630383 439.620928143226 679.64177025686 668.5100987620942 663.8100144481399 605.1572098451422 611.5069091953484 449.71986301926233 631.1619437597466 455.21672852472193 703.8238841617217 427.0123305069583 634.8078079457847 730.6909736021587 589.788154187373 567.026766425233 611.1900664819723 684.2271985656159 548.9241160205567 405.47767924353866 747.9181368635595 743.8783095649706 522.324792504697 620.7758878231527 504.01614172504117 581.5405601500474 389.8151882520487 445.97803933547976 650.0738020545002 639.369837598136 582.88307336699 626.6929050459271 510.96912105654064
8.0 673.7276313117304 691.6782002890707 574.7572877863831 640.7112180404515 397.9393998818146 488.77780873138676 410.7104374389719 0.0 559.5929657538755 509.01883787291194 659.6443742540239 662.1944156507494 543.5835937153748 511.9637776102703 469.5567559493261 379.26110437178005 596.8958097250755 479.57900657676805 515.5211994506653 532.9494328119144 550.8766210447841 448.0479774999064 417.02707392006045 647.7879074683659 531.0668665112347 438.9763963842258 440.3801624172821 431.511586279843 683.9838633383623 521.0249712089084 519.7102671435765 542.8832260569857 483.5915287880827 529.7847818685825 312.9349663118189 564.9746670823939 550.1947729759876 541.1398676670802 383.975368613039 460.2875594721413 479.08493461280693 665.4290823375368 653.1533158443913 661.0591183697311 564.6605448303133 588.7277986287819 538.7983852051005 617.0885630872145 579.7178624892364 680.1174275801502 470.2375452485516 467.24193283493673 697.4947562463258 578.9454310806691 645.7297344195986 626.7990976075928 674.1711278911479 583.786287638118 440.01167196349445 731.5561191777147 708.5212847565067 589.603181530001 611.4831655363421 484.5717694465068 567.1557964136673 181.70963072199277 450.9401862484645 626.405582065792 656.3864755524908 568.7866351994562 603.8428103632568 488.36247217308795
9.0 829.8133027679158 849.3029338095305 691.4692799032723 733.7354741407817 510.15228888683987 476.62508638513697 520.8539685350453 559.5929657538755 0.0 659.1336424639051 682.2805915900555 682.2747413768955 657.4937198880721 627.9654233544267 623.2584698462243 486.68881137378963 759.0041084876437 624.5543411751662 557.0872357685059 661.8046793509509 625.7349359401683 477.8764773856904 622.5774252587564 724.7180390860909 671.8311558819751 708.4515413967431 436.11136283029236 548.8646623007933 815.9214274813532 661.340778046017 647.9926216440149 625.6515970473424 623.3366205874918 651.3335009277789 600.0611308295559 650.479972564511 669.2918234492086 694.1417003354031 478.8209131892894 547.4792938455453 481.947760000975 786.4797961003264 774.3302383904472 760.348404072332 727.5879739308715 721.6827575936278 596.2213306190229 717.5353086323471 653.2553324113474 811.8902984329925 418.77843798821624 785.7826092237764 848.6383049330043 689.1489594246282 681.2448103972699 695.1082043997578 784.0565342766108 627.3482845502346 477.72802159934736 856.0853233279063 865.82340029682 601.4193661044492 722.9735145435088 609.2533913595588 688.388862567999 542.1725323793291 508.6195105562079 763.3727244591036 678.1189906646883 686.9181287384213 736.1395873158144 620.3675359354754
10.0 574.9113495054589 592.0038553697557 536.1257046250893 658.9071657940906 476.864547669117 583.090479285639 541.0237890293729 509.01883787291194 659.1336424639051 0.0 764.4639565017033 768.3907017561924 512.379851744421 499.0881100312517 359.5781815121976 506.4220064888738 565.2464772720164 272.70435244101566 583.5949574533206 466.2181277601268 592.8475393289059 520.4437941971951 505.1523896682348 690.0442987011692 392.553427396133 648.7613263175381 541.3289721451368 557.1966016777499 642.9807734361708 417.1889527303188 477.80564188478263 587.6266344385454 408.31083803466004 478.71096405549 520.5061684382954 592.9339172210797 505.3057759722909 397.4770932889435 409.1926692594552 484.43920735658526 561.1322786768552 615.7778611199195 604.1391121464612 668.8911857683993 493.533575056062 500.2855239513159 660.1921797078514 718.693719147223 696.3704713398249 641.3047722502106 563.7088415283657 724.6199090751636 485.3251880186101 578.2363174926024 759.6715670427736 674.4526677274957 669.3262274651369 652.4857396705748 510.6274482884012 672.0120919016076 566.3885546032413 692.5432152102328 588.6964235240581 458.5568572716875 516.8261938341818 494.70379106173004 529.4652680395068 525.7691158475551 739.3225583132353 534.7675144268703 529.805957125321 413.2288218171359
11.0 935.5362964878298 954.7834754510491 797.571881670797 842.7167934922179 631.1061122745028 651.3004132111264 586.5145521145624 659.6443742540239 682.2805915900555 764.4639565017033 0.0 517.6594151553111 764.2304558383288 737.2300204865668 729.1717086688757 549.5977888566838 864.9672070429128 730.2058908903307 665.658308699446 769.2091899675711 737.2387236251383 595.7419908740126 726.8816298842778 838.4935742759903 778.2769427464867 813.1454747779916 460.9368221788023 616.2945191610453 924.2564483903202 766.6455646101148 756.3085069094452 742.7145639810531 730.7166374917545 757.5747641877131 701.4247408970036 759.5934649355936 775.70355004154 798.6876678027705 590.5981531578993 655.5966641503337 606.034860232284 892.7019997268881 881.5415080897641 869.1131751249052 832.5367115436865 828.666745549714 652.1452219175538 843.9447010013689 688.1643946230886 920.291981665398 580.1524716233445 884.713581495177 954.2638215537347 799.0901134942724 688.7600683638291 805.3939929920724 893.337848548646 730.2606991394892 584.8497745625958 962.2572402520532 970.1988087640868 517.6193936325071 830.3240174326374 718.1279604851467 794.6647182812324 641.1121379157895 644.3240972239221 869.0089170882768 828.1982119717452 794.8020219994376 843.535900232253 727.7253072107264
12.0 939.316929356964 958.5552038148071 802.1354517271111 847.5188058389263 633.9657900753916 652.7372446814345 590.0642344971452 662.1944156507494 682.2747413768955 768.3907017561924 517.6594151553111 0.0 768.793069879879 741.4930839471366 732.9810030766826 553.9960336047802 868.6184330756358 734.2083537836343 671.7796451518768 773.3847110860647 742.2304296376287 601.3441826619253 730.1069344911705 843.21337442812 782.295053147039 815.7452499208482 463.7404719602272 621.3526458288062 928.27519659492 770.7739653327608 760.4058488313967 746.9472197382272 734.6681824396123 762.0197140969998 704.320254624716 764.5587033426652 780.1852116157013 802.6183459464421 595.0769685778935 660.6185691287243 611.6837773220536 897.1595966841091 885.9004097547581 873.7954352195006 836.2534803372623 832.7966196351031 646.38179041456 846.000197345204 693.7562798762821 924.3074244009994 583.1463576717105 887.4624722182393 958.1461241894685 803.4097565658494 667.165923548944 810.6631361242137 897.732395031011 736.8432805585112 591.1978321371687 966.6443233900658 974.0595442828851 529.995040693841 834.8787921721826 722.2444965088471 799.1131764293852 643.6575257677034 647.16838469708 873.1788275127424 830.9283104456294 799.1598534401247 847.6399901609213 731.8392071195982
13.0 707.1119390764726 727.7214977597528 424.0357752017951 608.9656132876238 486.1775685787711 581.1911388914169 553.8099115675814 543.5835937153748 657.4937198880721 512.379851744421 764.2304558383288 768.793069879879 0.0 471.8464168829223 496.58897129991385 518.3424399844578 654.2389140371624 464.8038697984752 564.0943594152379 483.16985252580923 561.3466282825675 504.22230866256507 560.4540572911667 661.7462845725094 512.6089342605114 683.6282193930776 539.288245568785 570.9992355126858 672.0490400910292 476.40860826239617 494.3364562904234 567.5216014268667 480.5888628705633 375.7189035930187 564.2418277917533 549.6993448929629 361.037660694299 546.4096108029125 376.24351242958625 435.97402724909944 549.6473481998919 508.61630426356845 551.4805092644197 610.6322196012808 613.8224497594381 545.6807702269546 667.2243461835476 728.8149962083717 702.1727957110111 669.0166197107765 558.3690412416145 763.0871486549902 709.9514133316295 543.0756937713388 763.5392874570643 644.6166199872673 623.3506133146827 632.7048261314461 492.3768740290891 603.3281771076154 730.0891576177423 691.4148079527872 466.11903967689375 460.19315290979824 408.6875267702079 528.6319475320512 525.4196552979794 569.4295142568371 732.9212579376615 490.72099457276613 569.935623262979 452.1121113759243
14.0 677.2481089231176 699.6533669568447 519.5817921018293 585.1616290386132 442.62062828851197 549.1590164086064 526.0201109949849 511.9637776102703 627.9654233544267 499.0881100312517 737.2300204865668 741.4930839471366 471.8464168829223 0.0 466.15573602630167 490.90708642722643 618.539224473053 456.2006580726177 540.2804493157937 445.8302769638717 533.1713487394678 478.49875917777365 526.9396964339549 628.4561879561343 489.44013695922206 649.3317577779671 512.0743062561259 544.0257445743459 593.4599075688504 496.2536758271843 409.3470547075735 525.258600964397 431.8306525446525 472.86701393055705 532.5584656642632 526.833038834677 488.07715233344527 543.1404012865207 330.4807941469039 418.542781660317 523.662364900548 608.8328107135289 567.4648705161125 585.4624344705021 587.4001352128832 520.7811163501506 638.67150874863 690.3984123971902 675.0784765770693 588.7609936251879 530.6388814677518 732.2846868516914 688.148907954535 433.7010269875704 735.4553294074838 619.6104526677984 532.2650965722725 609.9640426047815 468.60497904051977 677.5660257359848 719.8270158413568 664.3707889819448 522.8579154985883 348.46215756487453 509.23666297359966 497.4621783283252 488.50943973853805 592.2739786998284 700.3275928940928 454.4795036218735 525.6000456939516 409.88517518114213
15.0 355.0822126521481 423.42718461375415 525.1771327634626 629.1199427907551 435.8894298678212 546.6534119892483 505.02525994957205 469.5567559493261 623.2584698462243 359.5781815121976 729.1717086688757 732.9810030766826 496.58897129991385 466.15573602630167 0.0 470.5933993128264 473.5533917900502 350.27373898858514 550.2441765185042 445.7667649952814 560.4036499583565 486.5178041374526 459.6141466070476 656.8071812803586 392.04641287488346 607.3228259380796 506.06466216469784 521.5636116700633 597.0207799829765 436.39885231954514 439.7395599533114 552.4586044033251 347.69895253973357 471.26464998041513 479.75198136814333 562.3056977082372 495.0480174779133 441.2946546030229 376.0334486714179 454.7747691920029 526.7596161746768 607.9776036652822 588.634711285357 640.2368353928618 403.03845207432204 486.56089613005145 624.0870487444076 679.0146356259768 660.8155116625137 595.224444618746 528.5138270016187 685.3676779242701 492.94401975430884 545.7945911729496 723.8612947231513 642.0475969462143 638.8605405518805 619.3190381519322 477.17894277992264 667.6766179549838 599.6747801349444 657.2801851797943 568.0739515429467 420.68046340161277 508.9616767299304 455.66207273203855 492.31555190614506 541.621386670479 703.2554381902042 511.16367647367593 502.2318279454466 387.9676859004654
16.0 676.209747200018 694.8735257136954 550.6576313220172 603.8033480745365 384.7648052950909 433.3139516975218 170.99004946495967 379.26110437178005 486.68881137378963 506.4220064888738 549.5977888566838 553.9960336047802 518.3424399844578 490.90708642722643 470.5933993128264 0.0 604.3860473094671 473.8627136351547 446.3848583077629 518.5576396203214 504.17147507783943 379.75130951776674 458.6748537193803 604.4010579189703 523.6289346465024 541.6242848265725 343.50408378425743 254.1681947477435 672.9673972727395 511.53129533545257 506.0861083141783 506.17625701852035 476.81421250365474 509.02584793902247 425.2912500636273 523.1912589506197 528.0149836979626 539.1866241308473 350.8781415068159 418.70556657011605 402.8303592875591 644.3188699514814 633.3052673663802 628.1453701769301 570.865931065749 576.6140166768678 421.2333877162407 598.4582356089247 417.4941239788596 669.0717416639984 391.4582956802706 602.9097733535923 696.1529965568043 554.5807073902016 534.1750317792036 574.7460291381531 648.9349179803427 511.25403831747167 368.0613057414877 712.6884288009904 709.3672852887953 485.5538545699677 585.3090477148709 469.1138799678113 546.228990423215 358.4901763766892 411.7716640472722 615.1357002173991 604.8089764029431 547.6694612022072 591.830991734196 476.0940433570927
17.0 667.8052507073327 693.4188621079583 683.8337334547555 775.7672565202861 567.5043265735962 682.2409390974087 638.5786398950539 596.8958097250755 759.0041084876437 565.2464772720164 864.9672070429128 868.6184330756358 654.2389140371624 618.539224473053 473.5533917900502 604.3860473094671 0.0 544.9698710991256 689.9571662323481 616.999701990038 702.9587559403365 625.5121762861194 575.9974157687592 798.8402619256608 592.1008622464667 732.7162183966302 642.1462978441024 655.2797403800275 758.8518276943719 606.4893121675894 602.6897455019838 692.8751564930924 535.5246917206947 632.8360307244998 604.195463921308 707.327712864238 655.5044463857286 614.7849762983407 519.9919503823189 600.708902850048 664.7533578954414 769.1783339979336 752.0391662341378 788.9659730318824 571.59436451286 665.7690359885095 758.3493229601902 810.8343908836496 795.5999772557515 755.6541658562371 665.1539771762232 812.29269431042 736.5612188831172 695.0619581196108 858.7613412662976 784.076972013833 789.637383503745 759.1062385376806 616.634604175005 831.1299326727003 774.5985338966934 793.2242288073058 724.081840211914 576.2379240818132 670.4320477332162 583.5251679153154 628.2230587253782 712.6714432834336 839.8677055928147 670.8536735583954 679.1381526633613 564.7403997685817
18.0 566.0235116961426 586.0214131068074 488.41444074764996 618.0297760572605 443.03790865138313 548.3498240437648 508.57165519558987 479.57900657676805 624.5543411751662 272.70435244101566 730.2058908903307 734.2083537836343 464.8038697984752 456.2006580726177 350.27373898858514 473.8627136351547 544.9698710991256 0.0 546.7797243466572 412.35115344072574 554.2186809501438 483.9996804672106 478.9341831777577 651.636970136966 322.14828239922423 619.2314560042461 506.8051958648362 524.9208855377593 601.2983487789695 360.51912996512004 433.24972373864944 549.9246049759078 368.14761410555866 428.41661912025677 492.4747485832854 552.9561967882539 455.7244809599239 378.00894838541984 369.6826136300146 443.9790942858667 525.3378409250246 565.8494621794905 552.3441850563659 626.9004842265524 484.02559263377907 440.42027206174 626.8895557293188 685.28785253912 662.9618545153819 599.9090460115178 528.6954183353066 695.8036644712422 516.9153938437596 536.3873341819427 725.9425228433671 636.1721390866795 626.6142327096991 615.6784405203223 473.9880062266173 619.9867093635582 566.8050972729425 658.1565022060106 542.2316929352841 415.7742940020642 466.56228891583413 465.1847623134553 494.17756964731416 464.88444968747194 703.9248856567916 486.82653411094054 477.5397919830983 359.9408942657551
19.0 757.6856840207122 777.6034162866116 598.7171142127127 630.6627219979016 455.52948311303965 491.123548680028 483.65324289168916 515.5211994506653 557.0872357685059 583.5949574533206 665.658308699446 671.7796451518768 564.0943594152379 540.2804493157937 550.2441765185042 446.3848583077629 689.9571662323481 546.7797243466572 0.0 578.0037305381627 509.9035188518253 317.2018663259909 564.3720109023586 616.3595855929027 592.9703115327311 661.6198661576879 435.24088114060305 502.1047386053998 735.520619530386 580.6074213258918 565.520759199601 532.2776443097607 545.4554566983263 561.5074384607958 549.7260929769984 541.0351274339795 578.3400565413247 619.2043099948435 382.3913088573047 438.1419456621692 399.7335685143569 696.3444515038814 685.8296288741376 661.2923844478782 657.7265953768222 639.440011298161 586.3576145032139 681.9958541092685 618.236970218534 731.5259213979571 440.034551303567 739.2884458104168 773.9910432411225 599.33723141622 675.3177921848987 569.2168897391116 692.747818938017 447.21767566581286 242.615524440261 767.8317894480151 792.8272370371197 590.3247843491595 629.1369019676929 525.8346472279909 598.4370828527727 498.7352021955528 457.8517783810398 681.2612920503914 639.0411386388714 597.8434568279142 654.2310851876618 538.2320563550991
20.0 660.3564912485826 683.7586835227414 523.0544366574663 635.1419814925933 478.9725860112942 584.4294951490768 553.5180568667884 532.9494328119144 661.8046793509509 466.2181277601268 769.2091899675711 773.3847110860647 483.16985252580923 445.8302769638717 445.7667649952814 518.5576396203214 616.999701990038 412.35115344072574 578.0037305381627 0.0 578.45632985159 516.009617094922 540.4561797607861 675.5648982432009 426.39722660816324 671.160518674468 544.850925990549 570.769580777072 590.9041226457507 465.2241978217111 398.4475168843336 574.3293809212037 394.0521252714477 462.8057591384734 550.0658616837325 573.6497697318063 483.33177770916495 519.1919292816955 387.622632670045 464.0988219624172 559.4387538397478 600.6901564259518 528.4256041958645 639.0927276811406 577.6608446327607 400.7285386551272 668.687059515647 723.9154759503213 704.83366776719 590.5514203926882 564.959772040273 751.4939905687596 658.2016460825445 537.5613925328646 766.4320016527156 662.254968338358 626.5896010514255 647.1821086105344 505.8080351959183 658.5191237900267 699.9213206489021 696.7118739176098 548.387704923957 395.2394573779999 499.5660873716772 518.5240617419765 527.3107777968796 554.552152513757 737.7349582112466 450.11389562095906 413.25165746179925 288.2682116787463
21.0 768.6890355824344 789.1790170087722 598.7796568574693 602.9931362074183 474.5937118178853 547.0668272049946 540.2985383525397 550.8766210447841 625.7349359401683 592.8475393289059 737.2387236251383 742.2304296376287 561.3466282825675 533.1713487394678 560.4036499583565 504.17147507783943 702.9587559403365 554.2186809501438 509.9035188518253 578.45632985159 0.0 451.8350646622365 587.0307223809618 517.3622769833273 598.455728049998 692.4508372399271 509.75795362408223 558.8790609825104 736.7465618613876 587.1345783784061 565.0739117061773 508.38020492087185 550.1868604516499 561.9842778378385 579.9926983090893 484.6265118632689 577.7958839086788 629.9055512571773 349.4329205414357 406.2682844674635 507.0145725402466 696.7780291616275 683.8180227939934 643.1016198681726 671.1678342601706 641.795038161604 647.2014101587963 713.7974805573172 682.0017319557153 732.6739417002688 523.1512322908937 773.7167048758081 783.4081101403185 587.8596732344859 740.3098373081162 492.31957409967816 682.0783488572066 582.2857965898116 441.5938269819519 769.1345603543901 804.876627668014 663.2716067395656 623.674056249419 523.536461312312 598.7469357512992 535.1772581311174 487.93879675086794 686.474525524608 690.1674380349791 593.5524657449066 655.9917025056574 539.9045491782178
22.0 693.8295255623427 713.7087272126362 538.8998802007841 571.8910645533015 386.5151118979885 411.2788063554995 416.5690046327544 448.0479774999064 477.8764773856904 520.4437941971951 595.7419908740126 601.3441826619253 504.22230866256507 478.49875917777365 486.5178041374526 379.75130951776674 625.5121762861194 483.9996804672106 317.2018663259909 516.009617094922 451.8350646622365 0.0 498.4154382588574 555.181762465554 530.241182162878 594.1207770880218 363.0507300152777 436.32962450657203 672.6686380719686 518.4860019959809 503.0491377499883 467.3488303119872 482.3523435393397 501.0350015802951 482.9540837340002 483.4692314570525 518.0540538906286 556.0748180403662 321.07648753865624 381.0855017967034 305.0171923862915 635.9420175164416 624.8163614049289 601.8410420984223 593.5821382575976 577.2457970340012 516.3460591016715 610.9097263695066 551.0385176853592 668.6521795484806 358.0392419667707 672.1942125163636 710.6181427604265 537.6996044151258 604.8666470046074 514.1047170517974 631.633579049907 416.6287956416678 240.65502532404238 707.051438254456 729.3529549345803 519.6057495195596 569.1661264901147 463.39549175912464 537.9811284043002 431.2578493209449 383.7747028145287 619.3472021413422 557.5589331847539 536.7548578545488 591.8763442786012 475.929139333183
23.0 661.8530268092934 679.1845565872699 590.4783927778653 668.4900474489979 433.52846043482225 547.2248151675497 492.0523448442922 417.02707392006045 622.5774252587564 505.1523896682348 726.8816298842778 730.1069344911705 560.4540572911667 526.9396964339549 459.6141466070476 458.6748537193803 575.9974157687592 478.9341831777577 564.3720109023586 540.4561797607861 587.0307223809618 498.4154382588574 0.0 682.9916429905013 531.5044514218371 542.582779213154 505.34076843139803 509.28657311480447 688.3868675032471 524.8500296627034 526.8139310732643 576.3582345234557 482.9320264496369 542.8627114042222 397.3447384513597 596.3956958719795 564.4621614441323 538.3372916427131 411.1661967333094 490.94372173632104 534.3151625325506 678.7909228564338 665.6131299256596 685.5432796631869 548.5255770548212 593.9262453142164 615.1199484193651 670.2144886565528 653.5620395768526 684.6006454575261 530.83221322943 629.3234059205386 691.4392332270234 597.5303308790918 717.8228488025547 665.9205339091147 692.835388777854 633.2855303295939 490.15584011480524 743.0626329457093 702.5696960789687 655.7585578441244 629.4181093482731 493.9658943329628 580.3755758929387 407.51108473809995 498.1329079319566 631.5389962583154 708.7688415167811 582.663216087134 608.9186171690235 493.7061349708866
24.0 865.076814329716 885.6404862308398 699.7199654464321 703.8627831420256 566.1929110262249 643.4042720405996 640.2420144928061 647.7879074683659 724.7180390860909 690.0442987011692 838.4935742759903 843.21337442812 661.7462845725094 628.4561879561343 656.8071812803586 604.4010579189703 798.8402619256608 651.636970136966 616.3595855929027 675.5648982432009 517.3622769833273 555.181762465554 682.9916429905013 0.0 695.4783919638994 788.5363294540556 610.9191338501728 659.2493418510102 832.3592902390822 685.5109815254643 660.9576634099867 579.949846196136 646.3086629853103 661.9244228953576 676.582581871319 603.5313645022503 677.8662633994605 727.4824571494629 436.8833241118509 517.4950277516101 609.8112294152779 796.8278579953796 782.2802511751654 742.1209696598785 767.6546918521067 739.0176825353064 746.9247935156866 807.5789304810107 782.8631791836395 828.2202666840874 623.986383774316 870.7416760972992 880.2513970796497 681.9943068879118 840.5208222420554 646.5378888121749 777.9151703389889 689.7550010368291 547.7125876158915 868.7081835988745 902.1707369060043 764.532562009164 723.4395316761937 618.9255054610716 698.684330454024 632.2593602668329 578.771619891733 784.915342575676 784.858334594591 691.2951129346457 752.7432676879018 636.7333664485666
25.0 612.4128078806488 637.5195256014974 542.549004085158 661.0062242796272 487.953146393157 595.0282781990859 558.3628051378867 531.0668665112347 671.8311558819751 392.553427396133 778.2769427464867 782.295053147039 512.6089342605114 489.44013695922206 392.04641287488346 523.6289346465024 592.1008622464667 322.14828239922423 592.9703115327311 426.39722660816324 598.455728049998 530.241182162878 531.5044514218371 695.4783919638994 0.0 669.5821170674233 554.5680533719194 575.1323034723689 619.141251761726 447.88795594702265 451.33477239917306 593.180345552287 367.29163672474976 483.15113159370355 545.0250035699164 596.7258261333418 507.6762385553004 479.76165968012856 411.6211055965787 487.91927316903127 572.1116553844084 620.6882031864418 589.4801289236461 668.8416248341719 542.0893448106358 435.73162069256443 675.6008346133642 731.6244371442597 711.8908950122855 618.9384190102818 575.8908705259739 748.1535160673201 582.5266307272907 573.4516367828237 774.3232293073564 681.0198809867545 664.1760611653742 662.0281682714769 520.3404360149001 676.5125034030523 658.7989795032717 706.089192517484 585.2105494191958 441.7869086993397 520.7514134568094 516.7936396875563 539.5955828272714 544.5626519699765 749.9783097414509 519.4084411185809 473.0845952290857 355.1928488311039
26.0 811.5487656484449 829.868516007786 715.2928594242342 780.8027640239807 527.3950602426319 633.9484325327944 573.6356152473352 438.9763963842258 708.4515413967431 648.7613263175381 813.1454747779916 815.7452499208482 683.6282193930776 649.3317577779671 607.3228259380796 541.6242848265725 732.7162183966302 619.2314560042461 661.6198661576879 671.160518674468 692.4508372399271 594.1207770880218 542.582779213154 788.5363294540556 669.5821170674233 0.0 592.2623401708795 594.7798058377941 820.176931991312 661.7669818742309 656.5542281170883 681.7430803591437 620.317586828383 670.0453977050106 469.73320091571304 705.8645248846262 690.3615639985545 682.3523621384213 522.6119025983145 601.3144455271408 626.9460547130288 805.7274984768319 792.298880451287 800.6422587341017 703.3250413273988 727.1615514217622 695.8254427111548 751.4397369040635 737.7447236261157 816.2168220454158 619.3691069604511 685.6455209634591 836.3974065971807 716.5553340204676 800.8087075824914 769.4762824035248 812.2915181201604 730.4825101481879 586.6589864213275 871.7793507659923 849.6380407327058 742.3783380145144 751.0867699247015 621.1045533630935 707.3901024444924 445.17999462234786 590.7610567176878 766.7888961085971 799.8019614134663 707.3729487438397 741.6490188730788 626.2763175355191
27.0 712.5516368483591 731.901426839325 572.8418883283631 616.5179682519131 404.9919021240501 415.6926321300455 379.9078967592312 440.3801624172821 436.11136283029236 541.3289721451368 460.9368221788023 463.7404719602272 539.288245568785 512.0743062561259 506.06466216469784 343.50408378425743 642.1462978441024 506.8051958648362 435.24088114060305 544.850925990549 509.75795362408223 363.0507300152777 505.34076843139803 610.9191338501728 554.5680533719194 592.2623401708795 0.0 407.2447622247198 699.9016080041268 543.1073756263005 531.8025511899762 515.214142901752 506.8200354641108 533.0488304459301 481.3260097072889 532.9769337875366 551.0422196813847 575.8234848958648 364.19175489122335 429.1901164489735 367.2934708505427 668.1558182812348 656.8676866348942 643.2440328343889 609.9486086570471 604.5449229944714 453.2843305667403 617.438308381109 495.8561583460956 695.9213146968324 329.7207439186178 665.6324075519979 731.1137170780207 573.6011692664206 516.1126299914376 577.6399702019098 667.9061067619734 500.61876434081523 353.7744140723927 737.8769480687677 747.5353048704485 350.59450741052285 605.1921458012359 493.39695825725437 570.1196251169094 422.23833301536934 414.52780165881074 645.2688115397984 595.3785823026764 569.9047740142025 619.3262808148601 503.5088836751552
28.0 727.0518057778859 745.5724869602097 603.0507969662324 657.6773842638986 440.67956190052075 493.3159663344205 306.7366799719201 431.511586279843 548.8646623007933 557.1966016777499 616.2945191610453 621.3526458288062 570.9992355126858 544.0257445743459 521.5636116700633 254.1681947477435 655.2797403800275 524.9208855377593 502.1047386053998 570.769580777072 558.8790609825104 436.32962450657203 509.28657311480447 659.2493418510102 575.1323034723689 594.7798058377941 407.2447622247198 0.0 725.3837292753651 562.6114312094364 558.5915118856312 561.240563440042 528.7012101234874 561.2187037289522 476.0208226378153 577.3364296629884 580.3614929056666 589.5049615476911 405.0532335544085 472.6864280876583 460.8999955151044 696.5304609148367 685.755517631469 681.7605435730129 621.2222008283856 628.5564757389836 498.7390039135528 656.1908546862317 504.16906454883167 721.5141706211073 452.340335401905 653.5615061247754 747.0392630592131 608.006727108721 606.276241638087 629.5558264671838 702.257493896152 566.6502825109542 423.9597055074149 764.7276543677217 759.4974470440411 550.6684793686084 638.1992007637232 521.8842928613603 598.4447099602196 410.46481832239056 469.2046035821278 666.470474613508 663.1534734083406 600.406057218582 643.9299418815317 528.1888936188543
29.0 811.5787999303654 837.0319598284894 711.3342822889681 797.975313853028 625.429222696786 737.6039899508651 707.7231517439009 683.9838633383623 815.9214274813532 642.9807734361708 924.2564483903202 928.27519659492 672.0490400910292 593.4599075688504 597.0207799829765 672.9673972727395 758.8518276943719 601.2983487789695 735.520619530386 590.9041226457507 736.7465618613876 672.6686380719686 688.3868675032471 832.3592902390822 619.141251761726 820.176931991312 699.9016080041268 725.3837292753651 0.0 659.3911077809363 473.85689376854134 727.6200839954322 509.80930011732926 659.1551987688598 700.5175293111913 734.9318833604427 678.4534395080241 697.3227592773219 543.5359821297702 627.1442821883155 715.5825289708661 795.826521576161 753.6017758549563 804.559276150032 731.5799089434324 658.9547689794977 822.7213818815571 872.7805913345294 859.588754742316 353.30878419345925 720.0188826945716 902.9330537468613 824.5738248910172 691.3924695375697 920.8191960424294 820.8265214882108 786.036641245377 805.0201523808535 663.2189697530868 858.9626798112281 871.4692071818146 851.7844287437307 733.7373749750177 497.39284913291044 696.0509820279635 669.9230980887409 678.9647287838548 756.236407410742 891.2014368315472 657.5427593398997 644.0629364921127 534.1037520463116
30.0 646.7617971578293 664.7834896967677 486.6738646122889 648.494324934205 484.02657833865163 585.5582099660406 546.4128439649496 521.0249712089084 661.340778046017 417.1889527303188 766.6455646101148 770.7739653327608 476.40860826239617 496.2536758271843 436.39885231954514 511.53129533545257 606.4893121675894 360.51912996512004 580.6074213258918 465.2241978217111 587.1345783784061 518.4860019959809 524.8500296627034 685.5109815254643 447.88795594702265 661.7669818742309 543.1073756263005 562.6114312094364 659.3911077809363 0.0 487.7421035609352 585.8867887995057 445.054777891789 422.90134691862875 535.2633436858077 583.9375303224076 456.9936874156935 427.1495311569905 404.0581456371778 473.7987452225354 560.4095404481957 560.3105964852725 580.3707574400514 656.9575473470328 550.2503288822024 507.5289086877811 664.3857487427348 725.3744169339385 700.0003749390895 657.2605907549348 564.7494344084666 737.4206789358029 633.4545640789393 573.2804767461896 763.0209991673033 668.9244336289343 661.4652832561915 649.3152183259577 507.95077569605814 609.520927603841 631.2962046897376 694.5163065792246 564.1110033140526 464.34260641058916 462.3298126284055 506.357104710196 531.9000645243682 401.4469474881235 740.6577242968687 522.4812209954687 543.4337005907865 425.31757941739465
