Circuitscape/Output/CurrentDensity_BlueGreen.asc
ncols         600
nrows         600
xllcorner     4.75000481326669e6
yllcorner     4.02000353357911e6
cellsize      100.0
NODATA_value  -9999.0
[rows 325 to 349 of 600, columns 228 to 284 of 600]
4.09574201 4.83975922 5.37109275 2.99625249 4.42820169 4.14217469 2.9730889 6.49151753 3.18656128 3.24443268 4.1135969 6.90112398 4.30905388 6.07007585 3.57068749 5.77305136 2.71523057 2.91620247 3.12951823 7.25117261 2.40100098 3.64448256 8.8078629 8.69473964 9.19313311 9.75195946 4.14655376 2.88275628 3.21446844 3.76715854 13.34004221 16.76130252 6.32735367 3.17208234 9.2786477 10.75241279 11.12922319 2.86868461 2.40073173 2.51679274 2.39215083 2.22361897 1.87828695 3.22813974 9.58093473 3.34157494 1.96719232 2.14205087 2.24090023 2.30329377 2.35694636 2.4121998 2.4719736 2.53405915 2.59222539 2.63915553 2.67458309
4.61252972 3.20229829 6.29710272 4.11918739 2.90094028 5.71568507 3.99373127 3.61486864 6.095601 2.7595619 5.45923893 5.82786993 4.28570705 6.38017685 3.54038842 6.13094515 3.48523748 3.05322906 3.52434304 3.97846552 3.87909192 3.11531118 6.97265638 7.43310175 8.97260677 12.03850511 10.66177841 3.20592764 2.9290644 3.34466819 6.56367476 16.60942208 14.44178889 3.24762754 2.53300627 7.2559718 15.74399999 4.50971855 2.39296349 2.30213506 2.34730038 2.25086153 2.0194002 2.37874023 10.31648355 2.66331383 2.23058699 2.2498946 2.27386695 2.30647129 2.35112491 2.41163309 2.4877794 2.57327924 2.6545693 2.71688958 2.7546337
4.09182541 5.20779653 3.59150634 6.16557791 5.80743714 3.29189083 3.67287374 6.89198885 3.73070396 3.68511608 3.65420711 3.66323945 3.44431326 7.23535935 4.7974709 3.56596865 3.56732116 3.75275701 2.78036625 6.54540469 7.15970307 6.94117526 7.32992669 3.05832736 3.72373136 7.22942166 13.47182228 5.0972432 3.329507 3.26569352 3.9529579 15.01010959 16.36052271 7.39426874 2.69911665 4.96116983 16.49069891 7.38653079 2.69981641 2.79717884 2.27419382 2.40904308 2.64848547 3.74552071 3.72305312 4.33567182 2.69476584 2.38196668 2.31079074 2.3037752 2.3347872 2.39976214 2.50158643 2.62688116 2.74749442 2.83110123 2.8711808
2.39863817 2.97909332 5.57825021 2.94717035 5.9752435 6.59267366 4.23041997 4.61705567 7.04707031 3.44111555 5.77221577 5.44453078 3.96981421 3.79267341 7.39813097 8.90639031 3.97325146 3.58993328 6.98541495 6.41313167 9.03274478 10.15385653 6.34365318 4.28537313 3.94095478 3.62049429 12.27873526 12.66573578 3.7693269 3.29955398 5.15806571 7.27342259 16.62593346 8.81816914 10.98323682 9.50245295 13.85608522 13.69582958 11.37687463 2.24593127 2.42113061 2.66432531 2.86216982 3.07812098 3.16277364 3.01863582 2.69691217 2.41190935 2.30544546 2.27618902 2.28709274 2.35882237 2.48702914 2.71863706 2.91971208 3.05942991 3.06886942
2.41962652 3.00058304 3.11707466 3.03417603 2.91383081 3.76787876 4.58570283 6.48170695 6.01101805 6.02439681 6.181582 5.99880573 3.58109715 6.73485063 7.69943605 5.05156753 11.08018942 4.22951221 3.1908797 7.26401983 4.56305083 11.48156078 11.51493929 12.78580596 5.10691764 9.38708294 7.685113 14.43100863 9.04741448 3.10470325 10.48396403 23.29500819 18.24548579 8.89780196 13.13697204 4.47521396 5.16339985 21.76159111 4.61269652 6.20394846 3.58584961 2.95562444 2.95821156 2.95227127 2.79315843 2.59428438 2.48319341 2.14979219 2.25517669 2.19680579 2.18744221 2.25662149 2.45107883 2.64194892 3.67544397 3.31848496 4.11945461
2.23283073 2.31498455 5.75126338 2.8718716 2.84828894 2.86568655 2.81769038 6.32298972 6.47120544 4.01805506 4.07969093 6.58364524 3.38642156 2.96136959 4.87933468 4.72345694 4.62457127 9.40705173 8.1210412 3.07510284 5.36010828 3.73705781 13.71111074 6.75820975 11.83834006 10.92695648 7.14133423 17.26747386 9.74835054 23.09689761 11.01362203 9.71062921 23.04028124 9.81033466 16.06241879 6.79376917 3.45326731 4.27803983 21.33433588 7.2876839 4.77560013 3.29535015 3.08538142 3.59289843 2.30130562 2.24132693 2.24898856 2.19990928 2.11123644 2.06300184 2.03118953 2.0710934 2.24689013 3.13372531 2.5143292 10.29867138 2.36074247
2.95201754 2.60995504 2.97018595 4.20800698 3.34105146 3.07784458 2.96330226 3.67894301 6.80472794 4.71012322 6.40922259 6.58113199 6.59229032 2.97295509 3.28185841 8.43575109 8.51087073 8.68904441 9.29640212 8.84333675 5.66249852 12.5800079 7.59356046 14.0191946 4.14089925 3.34206593 4.90354106 4.39878461 16.3058531 4.77806465 6.61533248 7.04165595 18.17553412 17.45406464 13.58017936 13.1927114 14.0067933 4.84035197 5.75047503 27.0830135 14.19753831 8.52398063 7.01315286 1.39538169 1.75357673 1.97632091 2.11407131 2.16097717 2.06952149 1.91380063 1.85395609 1.8701107 1.93216941 2.23613254 9.3031163 3.78808401 3.09571241
2.67848447 3.4395167 2.78601353 2.85683498 5.86737844 5.97663744 5.58496739 4.07778722 6.97031841 5.07984314 6.84481992 7.26967 8.35253704 3.74554216 2.73873842 2.42665061 3.02608575 4.51415629 4.77857702 8.61396704 6.23742558 2.61777074 5.72771967 15.749858 10.71062529 3.80017101 3.6063643 3.38321579 2.54939412 3.59860357 4.79031876 6.42740158 14.98093708 15.13041459 19.62173156 4.41993692 4.85093346 7.71430778 6.84444925 9.4848728 23.35635736 6.43073598 1.50087115 2.72174862 2.00763969 1.90648842 1.83307993 2.71369354 2.27755277 2.09281772 1.94487745 1.75627425 1.83757075 2.2835518 9.5845098 10.75468637 2.99185933
3.12875943 2.89248549 6.32827032 2.69310441 2.4744508 3.11450287 6.36996737 3.85774489 6.8755816 8.13347178 6.87223586 8.41398406 6.60075329 5.97772343 4.00380961 3.53038177 3.86004246 3.57851036 9.85481487 8.32844183 4.09702685 3.81456512 2.8627701 3.00102829 9.88155968 15.24009996 11.80388254 11.46614939 3.57888747 4.07560192 4.13708516 5.80241815 26.61994172 4.95295604 4.97437344 19.52532185 4.8268753 4.0441976 3.55004473 19.92875592 26.28232378 8.42378261 1.2442537 1.75516268 3.39545045 2.20321872 3.35356225 3.34619239 10.46435762 8.25409905 2.10197768 2.6704045 2.59628776 4.07810868 6.16090177 12.80128114 14.97018211
3.31956483 2.78389295 3.54937195 3.79379161 2.52416676 3.02455133 2.49001272 2.946622 2.43283684 3.75276528 7.5683382 3.03634435 5.54904957 12.32608619 11.47555664 10.94206098 10.37045312 10.24630084 4.34345572 10.23896491 4.7416616 6.10335279 2.87519601 2.8546675 2.9353948 11.37652552 11.8927027 13.25175206 17.62077948 5.59560769 4.88288447 3.55496651 15.38665852 14.81968553 8.96099164 4.13315359 24.01291306 4.16391587 3.80975178 8.57695855 28.50483986 26.20361186 3.39874967 1.32458689 2.1304513 15.31574656 10.57004467 15.60887445 6.26075687 12.6666848 12.03524299 2.64311494 2.96725302 15.93215311 10.51834114 7.19848353 6.58829648
3.9023175 2.75712849 2.49824725 6.0180558 6.54164168 2.55352825 2.73669425 2.16028185 2.59492914 2.3938365 2.52631515 3.93620492 3.37638242 3.45926281 4.1881987 4.3753904 4.09826797 3.57939151 4.03211223 3.34689726 5.41259293 3.75021602 11.21204163 2.78817491 3.0496253 2.75342797 3.71044591 4.50582189 4.67178561 9.20540496 5.26019125 3.30208219 3.89093127 29.28225527 11.52238995 28.90802273 25.47075548 15.80475437 7.16600087 30.60377679 36.14074255 42.92235211 21.06490504 5.45510909 11.03638535 2.99164828 12.77242456 7.59887414 21.01776175 16.97022259 18.92792271 16.10395678 9.11156533 26.209355 36.32560513 36.39985215 8.65319657
3.01611683 6.47812056 2.96662387 2.92297281 2.47728008 4.31478918 2.42456014 6.13892588 2.33368041 2.23738919 2.44185003 2.96879013 2.88625997 2.72676193 2.90753437 2.78305017 3.14946863 3.12975023 3.06912471 3.14166487 3.41130079 3.53154908 3.99821153 4.92664372 2.92245684 2.52291143 2.57535479 2.71568397 4.01743891 5.45893115 7.65474564 2.92657439 6.40159065 21.88277741 9.24606591 5.5753997 30.06896666 19.18706164 33.73475516 14.83221217 11.65899405 39.80386068 56.44961035 44.56219622 14.9360328 7.1701928 20.19714394 21.362728 14.87840193 26.25207895 29.67202804 27.43507971 45.33378059 38.17790428 14.87657126 19.37843749 35.2574152
2.7069366 5.64543806 6.94639326 2.1086331 2.35275725 2.54207752 7.12523012 6.57134267 3.086812 2.79142041 2.77787427 2.79888982 2.81766805 2.80628712 2.9186207 3.55538661 3.96861507 3.29717624 2.91885982 2.6929192 3.13718191 4.71450613 4.43221283 4.26776741 3.28791283 2.80575005 2.3066772 2.54878798 2.99962187 4.06895671 5.32493888 13.62166149 6.45951068 7.61624374 7.67068215 4.2633351 7.22199355 13.10800091 22.29232828 4.23579534 3.00675751 5.71513911 17.20782064 48.93214002 25.23075597 39.18516344 16.0238376 27.76048646 40.03435261 32.29371215 34.87338923 26.88797504 39.41297625 51.2892142 27.18462787 9.04551802 38.75097467
2.34650774 6.45559521 3.99190695 6.72561958 2.60736094 2.65632577 2.46639036 3.0630879 4.12826953 3.14319559 2.95255889 2.84144432 2.76507762 2.73712379 2.81426705 3.48155117 2.71790877 8.36386452 2.95448572 2.65205931 2.77344028 2.93935163 8.49139849 7.81640004 9.04880141 2.49369198 2.19041029 2.6103622 2.86238814 2.83794457 2.70469837 12.25343845 2.36498245 1.81252407 18.08224465 3.41118764 6.38107342 18.74850192 21.72982198 10.9780121 3.46943174 3.39903623 2.48942016 9.20307591 42.67176672 28.80128201 34.82589862 28.2629842 13.83047837 11.32970963 5.65891975 23.65009101 31.20594078 10.13077558 23.59417233 50.06770489 51.49062395
6.32314225 3.48987484 6.63423901 6.41171177 2.96862004 2.55875336 2.48581811 2.79942104 3.14228703 3.26254793 3.14329478 2.87209097 2.67595453 2.62561739 2.59250737 2.62714358 6.45257766 3.17810807 8.7660231 3.04635228 2.64555398 2.70768871 3.85365623 4.61869341 4.12666724 6.22572171 2.4488293 3.05430567 2.87351708 3.5026142 3.80428251 3.57920356 7.03822753 3.812288 5.77236268 18.8254079 7.6070162 16.75866396 7.74396503 26.01283025 22.78910889 14.34117572 5.44037792 10.64325178 12.51589085 28.71647216 30.95953733 25.80099709 5.63958877 13.1147407 38.42204656 16.49075574 21.45590945 3.36045065 3.50279783 7.25490653 7.5363671
2.09246493 2.87855823 7.19816475 3.0327184 3.66070259 2.8782376 2.74094687 2.80342425 2.94249905 3.13626561 3.94552137 3.03103296 2.62792708 2.43879326 2.48576532 2.69688839 2.65087162 3.27233884 3.23130517 5.30966036 2.95230359 2.53591889 2.39496754 9.32744641 4.50622641 2.90309026 9.04525692 2.75042414 2.82344927 3.15890615 9.03963683 2.24461034 2.71148099 12.02433083 12.8349247 5.9303197 8.89517244 6.55039549 7.81688803 7.87900151 23.17642373 16.68235638 40.48843766 29.7065337 27.16901751 23.01617811 11.14896369 10.39114775 26.33377749 15.25294299 1.45141151 9.48525991 2.20150501 5.40528868 3.22566821 5.99093741 3.44059682
2.40426916 2.97583423 3.18120972 3.81240727 3.28109486 3.00623704 2.8274978 2.78709683 2.82137765 2.90281742 3.1036611 7.62999878 2.82831537 2.5398476 2.46936136 2.51124619 3.2197491 2.94078582 2.71662712 3.08032824 7.25860973 2.77552903 3.29728431 2.78463175 4.32957487 9.72809045 2.48378138 3.33424276 2.54461064 3.36276706 10.03050025 4.09780156 6.26574673 10.64705728 12.16308544 14.44136965 16.58425604 15.86005007 15.19772283 8.35745567 4.43387574 13.16070841 5.23226981 7.38442168 6.06824875 3.24614697 6.54823314 15.70278651 13.09955932 2.31786411 2.12240165 2.30955571 2.73546479 2.91796854 3.17831392 2.89141689 12.45102771
2.65931356 3.55362131 3.36474407 3.13598461 3.07619602 2.97479983 2.78950158 2.71504911 2.6926542 2.69990442 2.77625518 3.53168854 6.83788902 3.14843737 2.86300408 2.43274027 2.58685166 6.44561385 3.05585395 2.8977598 6.00680732 6.9487018 2.68297626 3.08795421 3.709661 5.36987684 5.36802183 3.50372869 3.0596951 6.28504901 3.31661075 12.93689941 8.91299266 11.25728808 11.69993944 13.28374249 6.76567183 7.13766492 13.43192663 5.719453 15.30065523 2.00229124 1.61858102 1.50195382 1.5110814 1.63587523 2.84892574 3.44559056 3.87869672 5.6871305 2.97917824 2.68120054 2.77064105 2.63793062 2.75683356 3.53499077 4.58503876
2.50395799 2.58005119 6.88172997 2.90653426 3.71897377 3.11433892 2.76387792 2.53543639 2.59348715 2.57165237 2.47175641 3.00497631 6.23995827 3.94334212 3.43838191 2.55473953 2.73355788 2.96384333 5.87675084 5.48553325 3.49437845 3.93553726 4.16023468 3.36215619 7.95287118 8.21324363 10.6851035 10.05613767 10.21747775 5.09602434 5.3315806 13.49321222 7.29795632 10.71494381 10.38776352 3.95161641 4.81340828 12.44292584 11.29243202 7.29741292 4.35209316 4.03753741 1.92381481 1.69730423 1.74748696 2.10277981 2.77668608 3.43805044 3.79074955 3.53229049 3.14667801 2.82982817 2.81396018 2.80395486 2.67339054 3.11659588 6.34861205
2.57610908 2.71927015 3.08248328 3.84931251 2.93894909 6.7693262 2.58403734 2.56285687 2.50222336 2.48545718 2.4779975 2.50233667 3.19224396 6.16294634 3.52251604 5.80634334 2.9868545 2.91041907 5.18250333 5.62470433 3.68677226 5.99161997 7.04320804 7.66364549 4.14357931 8.40667459 4.80269823 9.59433612 8.74878734 6.13770339 16.11758064 3.91650839 4.7961011 4.30271699 9.9880983 9.98324878 4.79856991 3.89022481 12.45162529 4.27218603 13.77103386 2.26407954 3.41994688 1.76430364 2.4480595 2.18083576 2.79398086 5.57080316 3.65990174 3.15603366 2.55021113 2.88658265 2.9124686 2.74772918 2.52898357 2.84161039 3.09816941
2.94044887 2.83004288 2.87356282 3.28277036 3.3052076 3.15769327 5.96648906 2.4717941 2.26353166 2.48680805 2.45399448 2.35156783 2.47509799 4.82874735 5.30779182 3.04186588 5.65770921 5.01798263 4.7318373 5.35256733 5.6929716 5.86114785 3.84870131 3.62147808 7.82817399 3.30317645 4.00472852 2.77564219 7.76645607 10.21220846 3.36634134 3.49347275 3.16253782 13.39602623 3.99548411 1.93181469 3.57907962 10.14367951 6.45599279 7.46629633 5.47259158 4.01304063 2.14266253 9.17378184 2.14237623 2.26818542 2.39116044 2.70449809 11.51489874 2.47861946 2.61640357 2.87026948 4.16096945 2.29173969 3.02010807 3.07368784 3.56292097
3.03395001 3.24137332 2.79819191 2.70905074 5.20535723 5.28146265 3.57687761 3.12442021 2.63644651 2.5221409 2.47428257 2.4419335 2.50401152 2.57516396 2.77987527 2.94583421 2.93880978 4.95093086 4.64042999 3.39398624 5.35691656 3.2263151 3.30021991 6.414008 3.66971667 7.05359963 2.75160891 3.96594226 3.27081791 2.75422184 2.5975882 2.50642836 10.98804872 4.16864925 3.10067668 1.66009126 2.30098029 1.89792439 4.9689003 20.25592684 7.12180089 2.50307904 4.64865275 1.65726093 3.53672342 2.41883744 2.09514323 2.2721337 10.85936477 3.67331306 3.35900768 3.59691569 2.04041435 10.52009737 1.98653176 4.92469051 4.90961692
3.19821236 3.45578872 5.30577569 3.14637133 3.04291511 4.90228156 5.19317291 5.35766691 2.84934337 2.65387421 2.5613163 2.32908885 2.46531164 2.28283268 2.5395992 2.59226956 2.46711202 2.49742435 4.86359403 2.57380964 2.74492588 3.12419303 5.59119509 5.53735544 6.06474714 5.93143971 6.7352476 3.18661132 2.87366593 2.80146375 3.64669178 4.58313866 4.17460838 8.8825765 2.38067676 2.14521668 1.84332492 1.75504358 2.14483549 4.75623337 17.12085288 11.78029294 1.61486967 1.75288138 2.17517408 2.44069308 2.24119259 2.50668362 2.79529637 6.36659951 5.4749155 2.12754757 10.45622412 3.6208457 11.48806892 3.54358378 3.47289885
5.423042 5.43903241 5.30507116 5.34607826 3.15689021 2.68921141 2.98897986 3.25503124 3.50914288 2.88905789 2.54428362 2.40290073 2.30958075 2.49719588 2.33805979 2.65598094 2.59931653 3.04363881 2.50326181 2.47980773 2.37228228 4.98265176 5.30181072 5.5327794 5.68758423 5.91018352 5.99343282 6.17486039 6.07838254 6.52862677 4.14474199 9.19040716 3.74740049 2.39666016 7.43823234 2.1065357 1.92734164 1.95913283 1.90422853 5.98713585 8.79070862 7.25784509 3.19791062 2.13944958 2.13190042 2.3774662 2.45652808 2.50375516 2.78929849 3.25607332 3.42212765 10.53769241 4.03485452 8.97681209 2.13369348 3.53522227 2.80092463
3.1935673 3.5051982 5.59202579 5.46320291 5.4666434 2.57186706 2.81683027 3.52986547 2.95665518 2.94443229 3.20815416 2.53754789 2.57307564 2.37147508 2.45564788 2.43716378 5.26909523 2.49164226 2.59894065 2.79823182 3.17698527 5.24228853 5.31058617 5.24809171 5.3479111 5.54889041 5.76800417 6.02135427 6.37468196 6.61633034 4.45918056 3.30007127 2.47273305 2.83557601 2.62894084 3.27435492 2.32900145 2.34699402 2.00951195 1.9973253 18.83982248 2.12504703 2.13486884 2.19879004 2.43289555 2.56162183 2.46552432 2.71691367 2.74491435 2.62136375 2.48026826 8.91999235 8.58305493 1.79151382 2.24491935 2.32772028 2.3900517
