Circuitscape/Output/CurrentDensity_BlueGreen.asc
ncols         600
nrows         600
xllcorner     4.75000481326669e6
yllcorner     4.02000353357911e6
cellsize      100.0
NODATA_value  -9999.0
[rows 475 to 499 of 600, columns 342 to 398 of 600]
5.56730142 4.95373733 6.05281448 9.70652583 4.60062263 4.21109243 4.05545287 4.05652477 4.33440505 4.39212311 4.14092931 3.71703655 3.52832623 3.70645123 3.58664121 4.70902262 6.94073007 7.39385103 8.48914482 7.36708577 9.27920852 6.17364022 15.61025345 12.53587086 8.29782731 4.48160127 6.70920381 6.59706418 6.31131825 4.5898037 4.03693168 3.91140379 3.1571581 3.06186813 2.9687782 2.92688059 2.85088824 3.24724089 3.29325851 5.82550002 3.83278524 3.56722743 3.20344325 3.25461646 3.32389307 3.3786731 3.43376534 3.20726542 2.89277178 2.72906879 4.30927765 4.39485111 4.64794128 3.02874584 2.82326836 3.00929114 2.97903583
8.4870206 9.26399858 6.5461099 6.66354086 4.56325363 4.36750521 4.31592224 4.10400959 5.11435345 4.40795998 4.14186297 3.94642379 3.82590151 3.83859434 6.71850108 4.97970559 5.38331254 7.55241012 5.06615398 7.73605978 4.54401883 7.78145837 7.06934951 6.4234496 5.85875724 6.41874229 6.0574217 4.08117928 4.04707047 4.196565 6.60822642 3.7364327 3.12556994 2.94021625 2.89159582 2.80471066 3.02892441 3.18880888 9.55433544 3.68254543 3.23598311 3.1875316 3.19705008 3.25867898 3.3438713 3.39244928 3.42167227 3.15813091 2.84829147 2.75858359 2.64638383 4.30303839 4.650886 3.09904204 3.03128261 3.0337023 2.88218311
11.52187336 11.60239015 11.67731702 5.35784219 4.66933973 4.85265695 4.93133681 8.43283654 4.56539101 4.31057013 4.19874079 4.12126619 4.13703794 4.46941327 7.33784446 6.9440054 4.62329171 4.2351109 4.85617495 3.76069871 4.90856173 9.06973334 3.88851013 14.25374656 3.43944991 3.24653106 3.4727241 4.04750591 3.82503891 3.94486821 3.86779111 6.17708585 3.41667976 2.87614127 2.800933 2.91170215 3.03899947 8.77085726 3.79904385 3.42710669 3.04973908 3.06688266 3.15129763 3.26770808 3.27909432 3.27251377 3.3552391 3.1481532 2.84700967 2.65721957 2.71524154 2.82102727 3.12468398 3.38901667 3.208147 2.95279414 2.7583949
11.2357404 10.00462035 14.71342518 5.54286208 5.32443453 5.47750434 5.83624433 4.15258353 4.13227176 4.24852453 4.28372489 4.23068122 4.28841129 4.67762508 4.15841454 4.10957129 6.44532397 6.42455814 3.932392 4.38739704 5.76759771 4.24029645 5.40391279 4.56848781 4.79036625 3.09685425 3.27250023 3.60554289 3.96016746 3.89516824 3.76864429 3.71961572 3.79919403 2.94266843 2.97806658 2.95808339 6.78063703 4.12217048 3.49380807 3.04764533 3.0024523 3.00227473 3.12740612 3.24662249 3.15576363 3.11762953 3.25929122 3.14063477 2.84961916 2.68348211 2.62275062 2.64609056 2.81345796 3.09893592 3.1678083 2.95673538 2.80516714
74.78465742 11.10413785 6.54154275 14.06847053 5.62834789 6.73347757 5.14069267 4.39669379 3.86375643 4.75459358 4.3175062 4.24969848 4.26784458 4.09853484 4.13280581 7.01657592 6.67177428 6.25641943 6.25692713 6.54604636 4.22658301 3.85614978 3.70329896 4.22093945 4.01430656 3.44085344 3.46887556 3.31652827 5.74906595 3.46506503 3.47208592 3.50714101 3.44397871 3.28139904 3.01971672 5.48090379 6.19609779 3.38441815 3.12833927 3.01032545 2.93062694 2.96554088 3.10609878 3.1835852 3.02531241 2.98369863 3.16713895 3.16004485 2.89012481 2.69350725 2.60337037 2.60412585 2.70745629 2.93010773 3.05612576 3.01389029 2.93472661
18.10664645 10.95864199 14.91149597 7.16190484 15.39653894 5.41125377 4.83979401 4.6450095 7.35330873 4.41752404 4.2200277 4.20132451 4.24804744 4.39643091 7.41924849 6.61678645 6.1021294 3.54474862 3.64690306 6.04356837 3.54485785 3.32342178 3.62749729 4.1345475 3.77332126 3.88944996 3.19987609 3.40614834 3.73843395 3.75238208 3.45708908 3.43311048 3.3980931 3.29765635 3.20354549 5.78489223 3.38629117 3.38395843 3.02484681 2.91949063 2.89571953 2.9615925 3.09291073 3.0830173 2.91556663 2.87580636 3.05639768 3.23452089 2.99475437 2.73847256 2.60339706 2.57718702 2.64144617 2.75707526 2.95031081 3.06072158 3.31223038
8.28322944 8.49143603 8.26212576 15.83719764 5.69381702 5.41053613 4.64246767 4.84121187 4.00340601 4.27858579 4.13644006 4.14133398 4.2190594 4.80603973 4.23101269 3.82292843 3.28349639 3.12628427 3.29321375 5.78850613 3.59230992 3.19236557 4.48017967 4.51727792 3.57441616 3.69497001 3.44309636 3.3776319 3.42533409 3.49720339 3.4447748 3.41270934 3.42664399 3.44207745 3.80132889 3.06608566 3.3093272 3.05218426 2.94713644 2.85610956 2.86498164 2.98132306 3.1230997 3.00884082 2.82218449 2.76982506 2.87277461 3.09622116 3.12722015 2.84520295 2.64024672 2.5761742 2.61845878 2.74049178 2.8277664 2.96589088 2.7961262
5.7181957 5.65780877 7.08995758 16.23440248 5.9382475 4.26381282 4.50165464 4.32199654 4.12988469 4.13678425 4.15229673 4.1173205 4.10944986 3.93411175 3.59512798 3.40284424 3.73378847 3.28868548 3.67407424 5.68950961 3.39456595 3.51890818 5.32021232 4.72728022 4.05594598 3.45425372 3.33656772 2.93447498 3.3761861 3.42670476 3.40344857 3.39972953 3.48956111 3.61638604 3.45949701 3.18267032 2.99385159 2.89009936 2.83018604 2.78999915 2.81957265 2.9416164 3.0360248 2.91379929 2.75429848 2.68463847 2.72113789 2.88337535 3.0780266 2.96952532 2.74102942 2.6247982 2.62262804 2.60820608 2.73517213 2.63281804 5.06878682
5.25074176 5.0227568 5.85570884 17.38964694 5.6289311 4.63772668 4.50975412 4.4085601 4.32789581 4.25462841 4.19820911 4.14092559 4.05464479 3.86996523 3.69674451 6.01380992 3.48775997 3.92596114 3.77016165 5.82944125 3.22019619 3.37591602 4.43358231 10.39051989 3.14844893 3.12941664 3.04429296 2.89998927 3.43963472 3.61239298 3.52948089 3.31619003 3.5403334 3.7076936 3.38691707 3.04232135 2.54565023 2.76712728 2.7508775 2.72188035 2.75372805 2.82854781 2.85660933 2.80644184 2.71939844 2.63189747 2.61888297 2.72134476 2.91778861 3.01074849 2.84187073 2.65509812 2.53361764 2.53221884 2.53264149 5.26810324 6.20641132
5.11438841 6.10239805 8.077889 7.45925313 7.8385555 5.4873054 4.78165016 4.59910659 4.49334151 4.37179851 4.29637754 4.21270687 4.1326832 4.06850674 4.29884506 6.32707616 5.90197791 3.92013519 4.18066243 3.3611845 3.60237008 3.76377648 8.2419926 17.4582306 9.38935974 2.89870535 2.73465585 2.71615122 5.15830744 4.91899036 3.13893424 3.16813141 3.55916426 3.52984313 3.16097218 2.84887968 2.43432941 2.66819321 2.66767987 2.66285159 2.68366309 2.69288508 2.68627006 2.65151029 2.79454895 2.77113668 2.682877 2.7294886 2.82243263 2.99759244 2.72364223 2.43009207 2.45237991 2.56060524 5.52967211 7.50697801 9.65540994
5.06888136 5.65834461 13.43742272 6.16119541 6.52256998 5.89577148 5.19214361 4.89156906 4.68872927 4.54846375 4.40734514 4.29784225 4.19709932 4.17118136 4.51273061 3.67748378 5.97528893 3.51050506 3.16364662 3.22075931 5.83956605 6.84375951 3.80311925 3.13120834 13.79767872 7.89859462 3.53830338 6.14446553 4.89404394 4.76392562 2.98345303 3.29348463 3.43399383 3.75062614 2.8620577 2.67510812 2.62702285 2.57045786 2.5722007 2.55962126 2.75838836 2.64918648 2.6677071 2.47085329 2.41993752 3.86875073 3.92324752 2.80379636 2.97432817 3.42738271 3.08379685 2.7931246 3.23737986 5.98425048 7.5356616 8.61483227 4.01888877
5.34287008 6.38289854 7.15119501 10.36128923 7.49394682 6.53499961 5.79210641 5.30693102 4.9785241 4.83666555 4.58335159 4.38091698 4.20353852 4.09093094 3.92424367 3.92623253 3.11163779 3.23924329 3.12266183 3.46366718 3.29333293 2.79012655 2.37204076 2.28092977 3.96147272 13.14960013 12.67978174 4.48075628 5.45303109 4.66906921 2.83110181 3.37264305 7.28253147 2.68069163 2.58171798 2.57291223 2.54606459 2.51610997 2.48280735 2.43924508 2.40843266 4.01906954 2.3781365 2.55503946 2.64908777 2.5930791 2.21495979 2.76103492 4.05884788 4.70232623 6.90205695 6.62004001 6.53528234 7.36378909 7.25092236 5.23921842 2.34659342
5.58497532 6.54193179 8.49406358 13.44112591 10.917505 9.4226971 9.19831881 5.22905578 6.06517204 5.1603072 4.82123118 4.43107993 4.1486161 3.93218166 3.75101089 3.46263643 3.14046247 3.03541659 3.04119467 3.3302112 2.68639418 2.40060967 2.29231715 2.15633593 2.50389715 3.62663898 11.27765374 12.92343917 4.36505959 3.3005996 6.27517813 3.27241383 2.5950201 3.24646464 2.52474972 2.50475551 2.48509717 2.4491681 2.39517881 2.35174023 2.66685678 2.45462724 2.72687783 2.48704036 4.00390551 2.04643588 3.99567162 2.217933 2.31398579 3.42435112 6.44290911 9.05170596 7.64537809 6.63692377 4.84486813 3.60326298 2.17090844
5.60229635 6.76530831 8.54989893 10.86621819 26.11846517 81.69544503 11.72922393 12.27337265 5.94383938 6.08487509 4.93605789 4.39489618 4.04470559 3.79269632 3.57804269 3.36190768 3.15555709 3.00832688 2.9395246 2.73342697 2.58751486 2.39771611 2.26996066 2.43908982 2.14033571 2.47038918 3.05452545 17.61701054 11.86182798 10.64863326 3.3403432 3.26837883 5.60386312 2.58525438 2.52934593 2.50349403 2.46365924 2.39496607 2.32222594 2.20682632 2.14463877 3.6397915 3.81971701 2.4711258 2.36194382 2.94577078 2.20888483 2.54572572 5.57452191 6.84705673 8.37288384 6.39717728 4.91750242 4.20428324 3.6100578 3.17894036 2.08228538
5.66274569 6.59902346 8.18057043 11.35181762 10.21665094 10.78966031 32.62037568 14.09106663 11.90068762 5.9294748 4.9036458 4.29576372 3.92690231 3.66761467 3.46187357 3.27853548 3.09989888 2.93665556 2.78294611 2.64139159 2.51015065 2.38635015 2.13360306 2.16833711 2.5815612 2.54985807 3.1462165 2.77213442 10.0481867 12.20548022 11.4051094 3.53428949 2.44830733 2.95948829 2.62862144 2.54977181 2.48119783 2.35692675 2.2521796 2.19652751 1.81676652 2.33551656 2.71781196 2.97003289 6.25575242 2.46608418 4.48516675 7.93033989 8.83519279 7.94159121 5.84908781 4.60598797 3.93116448 3.50759131 3.24223117 1.69126471 2.09174343
6.01223459 6.31485668 8.47666627 7.93794446 5.66872777 7.14276672 7.5402452 10.68547132 6.91337259 5.96809529 4.66489422 4.16068034 3.82380495 3.58022748 3.39162113 3.22344654 3.04474046 2.8723458 2.71009133 2.57527282 2.47550241 2.20576675 2.2145114 2.58081986 2.85680246 2.48015671 2.10980428 2.42697808 5.26552477 6.35441012 13.01562833 3.16200514 2.60321445 2.65502746 2.65194622 2.86334636 2.51008962 2.51134777 2.31022458 1.62635449 2.03228955 2.31983838 5.87112791 7.91863051 8.79061108 9.6702077 5.61384027 9.24134128 4.24328229 3.19993945 4.44573159 4.02925839 3.76061505 3.64762626 2.44641974 1.85526268 1.91235048
6.48522306 12.08090486 6.02787864 4.44131254 5.10492665 6.9051201 6.12477608 7.45471989 6.51215802 4.75288027 4.25427174 3.94873953 3.69868059 3.49619931 3.33087737 3.21721463 3.01224189 2.90117103 2.63073379 2.47666025 2.47743388 2.46334129 2.66098192 4.22271467 2.11310951 2.02544641 1.95734617 3.88705372 2.78946447 15.19429332 4.26860438 4.28176459 3.08160181 2.66138627 2.479025 2.36424349 3.93667557 4.33706527 2.37065041 2.44379974 4.18683484 10.9724836 11.89679835 9.66735336 6.77050844 5.26805246 6.55829314 2.88478648 2.63839837 2.3463438 3.68078414 3.7617212 3.72654842 3.57292838 3.26820221 3.10832701 1.90573259
5.51456541 4.0606563 3.927873 3.6696187 3.61458254 10.06814647 6.19401413 6.77581424 6.05602718 3.98588653 3.83006961 3.70237036 3.54299748 3.39678322 3.25858626 3.16396951 3.39774934 3.16581334 2.73179296 2.71484933 2.86366875 2.39778806 2.86749577 2.1062184 2.25952003 2.42391402 2.43308712 2.19828727 3.38929938 10.914272 7.30171477 4.03321748 3.68335882 3.32454139 2.57114389 2.56289714 2.6651408 2.95817747 6.48366581 9.18137884 10.69020434 7.96301642 6.06685956 5.17000309 4.73585354 4.05232343 2.72278608 3.80161266 2.22959404 2.19410661 2.24900795 3.61385416 3.68398517 3.64325671 3.41455392 2.15455468 2.13489123
3.79978447 3.51673774 4.48126 3.57258287 4.29725394 4.01808237 4.39303524 15.47438952 4.32613025 3.61642217 3.5673605 3.49433418 3.39291012 3.29204439 3.22513888 3.09391616 3.35270509 3.01623715 5.40621438 5.03258719 2.51117948 2.2574336 2.18269623 2.28552739 2.52768684 2.65746894 2.78797123 2.23729701 3.27126243 3.52488855 14.672621 5.4493576 6.22490588 6.18758409 5.22894753 5.11220212 5.52156746 7.13618542 7.98096305 7.7104319 6.52930942 5.0783659 4.16680863 3.70969332 2.32157292 3.36899738 3.59477042 2.10914355 2.39598054 2.11227916 2.2858925 3.33799755 3.60552276 3.82276081 3.68461087 2.26597228 2.00082372
4.25053053 4.16606441 4.01216159 3.99999007 4.11785755 4.42219386 6.67187158 6.40096592 6.17575559 3.8290284 3.42559904 3.3355934 3.26307176 3.18627523 3.13944664 3.41217217 3.31285207 3.43129418 3.09093036 2.6514359 2.46168107 2.30081337 2.09177281 2.08028668 4.00340985 3.82160151 2.24448022 2.49210936 2.86524659 7.08606397 3.34946883 5.25615432 7.88530003 4.13369356 6.92177111 7.06641283 8.02387953 8.92714907 6.88523075 5.70502258 4.65794247 3.99861035 3.61437061 3.11711896 1.98569197 1.624555 2.11601692 2.42387933 2.13339906 3.21791634 3.23578895 3.04551902 3.37853489 3.92737687 4.23411707 2.77204246 2.25798387
4.05277427 3.92724657 3.83353945 3.77543767 3.7739946 6.60079178 7.75953116 4.60301247 4.90763875 4.37290896 3.36375683 3.20424809 3.1422647 3.12345719 3.03557817 3.3221969 3.28669905 3.08446393 2.78712624 2.65694311 2.65923043 2.25603059 2.08824089 2.49599808 2.72737867 3.92440392 2.44733797 2.83663794 3.47129368 6.00077225 2.77680822 2.85865702 3.03703599 7.54975889 5.92961312 5.91004398 6.29975262 8.50112249 7.15272576 4.95523318 4.02490082 3.63008161 3.38998796 3.07829282 1.78118608 2.03139562 2.06284104 3.46742674 3.54041959 1.82363532 1.94198558 3.32004169 2.14186868 2.39771175 4.16369666 4.19302707 3.79079334
3.84520495 3.74201117 3.66970019 3.68881477 4.37896673 4.94554133 5.05681192 4.85927032 4.65511918 4.16422291 3.33050272 3.08162503 3.00537192 3.01400961 3.31857628 3.26046842 3.18899683 3.16866327 2.94419006 2.74025363 2.64996186 2.63343487 3.84922102 4.22007587 2.79583082 3.9708407 4.17136177 3.09057665 5.13343981 4.83548971 3.14661954 2.30749145 6.21720998 4.99258231 4.42124762 2.88433563 3.25123158 6.14723459 7.23965148 4.95801229 3.85627211 3.46434836 3.36677104 3.00639374 3.37642928 2.1375421 2.16093351 2.09719308 2.43222541 3.67008562 2.03891095 1.93259435 2.14664589 3.57931312 3.68555331 3.9201786 3.91245603
3.9118919 3.5600943 3.53043366 3.5371989 3.83907792 6.55968781 4.15253066 4.24323749 4.42074502 4.00815363 3.21853468 2.98005266 2.82932494 2.85172966 3.20972673 3.24586898 3.32872421 3.04746232 4.46631481 4.32760847 2.86076952 2.94599957 4.10272057 2.63589797 4.59414663 4.10782207 4.11449653 4.87026392 2.54338878 2.09866288 2.76623535 5.43016464 4.93766651 3.06200084 2.76285007 2.57033279 4.12293072 5.23229684 6.86852137 5.13076536 3.82812299 3.32657338 2.33562197 3.13458144 2.10275948 2.22368576 1.99068769 2.06099026 3.42381238 3.61148282 3.55754496 3.55750955 3.67459352 3.49301039 3.70292492 3.66184681 3.5672573
3.33969571 3.3687757 3.40741486 3.3958676 3.79447777 6.09079498 4.60486797 4.13717978 4.40880522 3.31751608 3.07851995 3.12829716 2.74105885 2.93323372 3.16086492 3.1932937 3.31261544 4.56990791 4.58049318 4.62458858 4.54272908 4.41966125 4.24514683 4.47642292 2.92574397 4.40024507 4.1168936 2.34027724 2.51299852 1.86818786 3.05208504 4.71774015 3.09545103 3.95915623 3.58555522 3.70581875 4.03882332 5.07317966 6.65872841 5.29000379 3.8032172 3.07694396 2.19560129 1.8164631 2.10528833 2.04386883 2.0004791 1.79039599 1.92944042 2.17096581 3.69896216 2.42104872 2.35178891 3.69116132 3.65226476 3.40374476 3.34466616
3.41841311 3.32749165 3.33868818 2.89846758 3.66935837 5.6501542 3.92155063 7.44977957 4.09979918 3.69236751 2.96015307 3.0475144 5.01953827 3.2459286 3.11428626 3.11260227 3.27778104 4.37724611 4.73256903 4.78063108 4.52828913 4.52651092 4.95522946 4.82228823 2.40275293 1.97617473 4.83873438 2.01543755 2.14707269 4.9852697 3.1622978 4.24779915 3.93899433 3.76233429 3.83659397 4.00708813 4.38659674 5.38743744 6.63335625 5.6310201 3.44990731 3.03591926 1.68667122 1.81469279 1.90514981 2.16811465 1.93955649 2.34524967 1.96058179 2.22350208 2.08918689 2.30792112 3.4622028 3.31210129 3.27583138 3.29963428 1.97011588
