Circuitscape/Output/CurrentDensity_BlueGreen.asc
ncols         600
nrows         600
xllcorner     4.75000481326669e6
yllcorner     4.02000353357911e6
cellsize      100.0
NODATA_value  -9999.0
[rows 300 to 324 of 600, columns 513 to 569 of 600]
5.18525864 6.64554324 6.16500012 2.31342109 1.59265772 1.81585777 1.85665776 1.97654304 2.46266943 2.1741366 1.94857555 2.01161576 2.69834836 2.37956142 2.54798403 2.96356318 3.17041047 3.41689451 3.66989679 3.8504918 3.81930995 3.32063465 3.23723722 2.07911343 1.00979659 2.00958612 3.28757962 2.14993272 4.50917682 2.59462323 2.8081929 4.65375222 5.0294497 5.02103049 4.77768676 3.88596381 0.99294051 0.8078174 0.83803002 1.06048211 1.09527812 3.40676162 10.21537168 0.69871977 0.78723848 0.90384735 0.89398914 1.50065218 1.47679931 1.7666107 1.17815702 1.25140762 1.23913528 1.37088196 1.58917309 1.68989087 1.77994312
4.78027384 6.42867613 1.5308814 1.10645904 1.06123198 1.1457713 1.98490595 1.05791677 1.45641065 1.38683261 1.99134094 1.14720324 2.38673199 2.29775914 2.4708595 2.5882562 2.71718567 2.99279163 3.43522805 3.55726835 3.52589993 3.47915639 1.05522949 2.04704265 1.23834345 1.19312345 1.51357862 4.43463945 2.47202567 2.88138977 1.8359996 3.91049997 4.31635396 4.55341171 5.05839724 5.50164233 3.4654897 2.20594897 1.87675279 1.67447177 1.61582734 2.25583391 5.49370055 4.23055996 1.24424132 1.6380487 0.8667325 1.37123969 1.69886167 1.5135176 1.24799647 2.24589471 1.27652569 1.12319913 2.01685985 2.04192788 2.1770535
17.59748879 0.62826967 0.79890373 0.94612477 1.15029436 1.1225475 1.30954941 1.15847321 1.00138867 1.77416457 0.82275454 1.74892825 0.85364558 0.80447391 1.39276035 1.46934505 1.194601 1.17486479 1.55045664 2.44117826 2.10589266 2.16299297 2.12613495 1.57168438 1.49606893 1.13665933 1.23176635 1.30390714 2.63864037 2.23592271 3.71106802 3.58380874 3.60342245 3.78667407 4.96317492 5.94488804 6.59255043 5.8196294 4.83328716 3.92088832 3.42430376 3.66967013 4.55608072 5.22198215 4.07852042 3.3014038 3.2038642 1.89177621 1.84994067 1.9273929 3.25331725 3.59092041 3.64606869 3.22400944 3.15079255 3.30320795 3.75077883
1.23542257 3.13280949 0.88398518 0.86695814 0.91424131 1.9344128 0.9474241 0.98918778 1.04874655 1.09998374 1.19470387 1.14893429 0.93592483 0.79329868 0.76788085 2.31276899 0.72351574 0.93666924 1.10522546 2.26794795 1.37984139 3.80509667 1.28390075 3.32727062 1.44884225 1.33349808 1.28044152 1.09095524 0.85346758 1.7015966 1.63109707 3.92866824 3.73610991 1.97077413 2.18825334 4.64857045 5.55215586 6.22598853 5.52409987 4.74251735 4.18480119 4.03218348 4.11958602 4.26070919 4.06485705 3.76191118 3.82728782 4.09433128 3.94874425 3.78669011 3.6919419 4.20597901 4.33565239 4.16319483 4.15926462 4.62175623 5.31127481
1.66420338 1.68417019 1.12803809 0.99915933 1.1256432 1.19828029 1.17319846 0.99824025 0.96532681 0.97796097 1.27166934 1.03294864 1.00964945 0.95869422 1.15588123 1.20120944 1.22878346 1.03951754 1.20550463 1.44765875 1.5085013 1.57845096 3.27365536 1.63198285 1.83198607 2.88773507 0.9745071 0.96593424 1.057308 1.00108538 1.12180215 1.57542282 4.46003251 2.19884088 1.03067302 1.14704871 1.69375745 2.87075427 4.79134629 4.84058035 4.57666065 4.22828241 3.98068369 3.77474186 3.54912135 3.48507685 3.70591644 4.00691267 4.10280552 3.97513053 3.72789627 4.52726691 4.62938845 4.7657235 5.1313827 5.56740853 6.03916436
5.52259154 1.48863322 1.17614187 1.18030865 1.23445275 1.21556049 1.10670148 0.98077731 0.94792006 0.98079568 1.06519696 1.12263354 1.09255694 1.09185752 1.10744268 1.10056373 1.04683933 1.27778178 1.29090019 1.36012732 1.40242141 1.61492902 1.90640214 2.19276553 2.25662206 1.90772901 1.50385657 1.12380756 1.06443511 0.99533561 0.93088763 2.1894923 2.34507189 1.67932538 2.39606745 0.8554865 0.69383097 0.7965842 2.07232877 2.89791431 4.63515442 4.25466511 3.89406366 3.5789 3.04686687 2.78196626 2.95915852 3.27129308 3.47187963 3.45062988 3.38568436 1.92354034 4.06309397 4.42027669 5.83502624 6.57428074 6.63373598
4.68985768 2.594215 3.09579114 1.29481761 1.86165369 1.79835776 1.01098719 1.08320368 0.90314715 0.95198539 1.00188741 1.21704458 1.21661269 1.18701495 1.10038933 1.08521744 1.0658642 1.30356516 1.26745675 1.36840204 1.43029186 1.45477197 1.54238528 2.50128705 2.54867297 2.21519619 1.4372614 1.25647024 1.11735239 1.08442733 1.30350156 1.50575541 1.57355257 1.6589123 2.37786477 1.33471405 0.8449379 0.9033089 0.98127459 1.68348905 3.68887654 3.97746086 3.88100284 3.63528099 3.27624311 1.38586957 1.02470317 1.01501417 1.17213034 1.26269838 1.15826583 1.3881338 1.00267384 1.59048632 2.33432861 7.10558203 7.39653901
7.12364069 3.0333178 2.49453013 2.14227015 1.59430163 1.39686983 1.4032794 1.04798628 1.01502304 0.95696045 0.89514424 0.83326079 2.09479386 1.16331712 1.16028098 1.12346895 1.18386024 1.23935238 1.21707752 1.12563139 1.99062095 1.06367844 1.12108771 1.13419097 5.61792602 1.67024829 1.3089275 1.27393691 1.16275956 1.04789527 1.11420815 1.3237884 1.4418821 1.41698177 1.88491268 1.62871111 1.366781 0.74706717 1.39596841 1.51278813 1.39379344 3.63630781 3.87322562 3.80887788 3.34219069 3.24161674 0.92689111 0.79623429 0.93115456 1.02983041 1.07126799 1.02113494 1.0379242 1.08621654 1.31680826 2.23650346 8.59335007
4.97939015 4.8553952 2.52351443 3.09087151 1.34341323 1.37748043 1.13726987 1.37584066 1.03517949 1.00796878 0.95036917 0.97507711 1.06584149 2.09619158 1.06809125 1.10437212 1.22703896 1.30965817 1.32298906 1.41071007 1.31709613 1.16182246 0.76596856 1.51256403 3.9620994 3.88056933 1.44892006 1.4178795 0.81581425 0.94405212 1.01852004 1.01543117 1.84891888 1.99447991 1.23558732 1.21466856 1.82362767 1.087553 1.1946825 1.21573679 1.1314933 1.17633266 3.87502137 3.787606 3.91856987 1.39134206 2.63165184 1.19020539 1.12216879 1.28409086 0.94818668 0.73552556 1.66902314 1.04103582 1.59099526 3.11815811 4.78385791
2.13490759 7.01565445 5.32029004 1.89571332 1.64074741 1.58322834 1.27060164 1.19741006 1.11356985 1.14640505 1.10489421 1.1090599 1.17470925 1.40626424 1.30002556 1.21024536 1.1907895 1.93828853 1.65804296 0.88570036 1.73813254 1.02139141 1.17797963 1.30864876 1.73885587 5.43940767 1.27662905 1.12519367 1.17116939 1.0565293 1.0799741 1.2257028 1.57896482 1.68646013 1.50394581 1.3576292 1.36431036 1.30460762 1.23293172 1.27369121 1.30851454 1.68409352 1.5487367 2.921792 3.38770088 2.2869425 1.42448829 1.69455458 1.30052094 1.19553531 1.66925577 0.78140835 0.82355954 1.41983244 1.36235212 5.43097709 6.58938505
2.47093685 2.89591604 6.93626063 2.10515018 1.7691141 1.73950127 1.57940079 1.34306015 1.14739338 0.81183375 1.9647072 1.04373045 1.17282152 1.28290764 1.23381252 1.0493351 2.34596321 1.41187413 1.08755623 0.9932668 1.25396164 1.32442048 1.34044019 1.32945885 2.01841813 3.26510057 2.06559293 1.34728905 1.26092658 1.19716429 1.18962001 1.21037415 1.22272511 2.36514912 1.26885493 1.32991266 1.36975637 1.36144435 1.34972975 1.36134156 1.434477 1.52243161 1.6480431 1.68900802 3.0267201 3.17898483 1.9566214 1.56503277 1.37273501 1.2183415 1.79425493 0.75852255 0.5703905 0.49878152 4.05591333 4.95744837 6.04094129
2.44648922 5.74731328 2.40327708 3.04349653 2.1431084 2.03058081 1.78289623 1.52927245 1.01674966 1.07984114 1.32377473 1.35831769 1.27568889 1.32286627 1.26002754 1.33140555 2.30030159 1.23138385 1.13898842 0.94052998 0.94179499 2.07740501 1.20492413 1.36015593 1.63487958 3.10060841 1.70628949 1.50412971 1.38685564 1.31065742 1.28687253 1.30988949 1.50751819 1.60601624 1.60861686 1.45160211 1.43840013 1.43863009 1.43039638 1.4307986 1.45874871 1.50958675 1.54291923 1.63220121 1.72340775 2.12775017 1.89757657 2.89881369 1.23371457 1.77078434 1.81568854 0.89706133 0.70467877 1.87295221 2.95017798 5.71487123 5.57201921
2.42405034 2.87095764 2.99619695 2.06170913 1.90742619 1.81172185 2.97270116 1.42144397 1.29578775 1.10208631 1.2932954 1.13879934 1.44548699 1.48104598 1.52364657 1.55698723 1.54540926 1.40992462 1.18311033 1.10962839 1.29033496 1.3612665 1.40003331 1.45772783 1.82641891 1.92074567 1.87026851 1.58336387 1.46839385 1.40252502 1.37862563 1.40991149 1.47552848 1.52898952 1.55234421 1.55286403 1.55436557 1.54364191 1.50561332 1.46930381 1.46879147 1.48186486 1.48721932 1.450471 1.34412438 1.21181853 2.2027526 1.11310891 3.78147247 1.70733998 1.8247963 1.19263414 1.49999196 3.4313945 4.30048196 4.85207616 5.01205722
2.47338347 1.12862528 5.71590491 1.24998109 1.44051134 2.13191953 2.28610911 1.82983999 1.5042703 1.25737251 1.15203302 1.158567 1.13721616 2.37984633 1.28898023 1.3880174 1.45493078 1.46853303 1.16082017 1.13462335 1.10131908 1.37397649 1.32799015 1.53633738 1.71022288 1.73786818 1.58060596 1.56145141 1.5073567 1.46736223 1.45240807 1.46252427 1.48947162 1.512722 1.50656153 1.67464321 1.73630137 1.74500456 1.53468922 1.47868392 1.46525518 1.46062397 1.44357142 1.39107145 1.30415398 1.35447494 1.26847577 1.33972506 1.37077466 1.73539597 1.86571165 3.63642472 3.11639646 3.3309942 3.66587451 4.06564227 4.35558775
1.5105233 2.15697096 2.34323714 2.28644407 1.84735915 2.21393153 1.90715958 2.65229493 1.82136146 0.95291737 1.19574811 1.27248818 1.33350296 1.71449936 1.64639463 1.42863455 1.34924725 1.37667133 1.36377236 1.0856579 1.19561181 1.26986024 1.23878242 1.14608923 2.46121032 1.35165313 1.44500201 1.5235054 1.53381497 1.51586879 1.49865137 1.49351847 1.50593963 1.53248376 1.51030727 1.31774927 2.73773204 1.59126467 1.4717804 1.46942482 1.45199164 1.44909755 1.4394461 1.40253391 1.34735333 1.23841802 1.25565391 1.23975753 1.13309662 1.60257575 2.63571037 5.09039878 3.4169969 2.51383381 2.91511899 3.57810212 3.97961886
2.02740176 2.06680478 2.03405028 1.67463053 1.40255138 3.17968253 3.55039296 1.51204837 1.21457551 1.14918769 1.51710724 1.42777925 1.48324424 1.73033959 2.2975456 1.11624232 1.36534971 1.29726356 1.32199892 1.29916795 1.28073689 1.31266399 1.34634259 1.56625874 1.5584667 1.49347147 1.4365227 1.54338477 1.59351216 1.56379548 1.51885762 1.5002099 1.52102002 1.53863769 1.58201891 1.72133302 2.78700307 1.55269692 1.5344957 1.47244443 1.38549674 1.49613567 1.48881371 1.4697499 1.46310354 1.29323966 0.94061318 1.83560044 0.8124213 0.71146608 10.57974499 1.85348338 1.08405204 0.87044329 2.99382142 3.43081286 3.87761311
1.98476991 1.9692471 1.89616198 1.6237898 1.5179035 2.68859524 3.16378634 1.63318636 2.24067927 1.13254133 1.25363203 1.21806642 1.19563883 1.46434118 1.40704151 2.51246923 1.05020386 1.18922718 1.42967846 1.44029466 1.41729041 1.33577132 1.37996989 1.42322164 1.43247385 1.24159169 1.19824053 1.64653997 1.69653356 1.63207777 1.52557718 1.42218609 1.55573407 1.65918396 1.81308642 3.16453546 1.46195259 2.73847308 2.41295644 1.48281531 2.36198729 2.32305182 2.38889104 2.31756172 2.13647085 1.09108668 0.99308818 1.99921114 1.9059881 4.60014169 3.64189 2.39845227 1.01723272 1.25079443 1.65220125 3.58286001 3.61624932
1.63436864 1.97328089 2.01671637 1.98903155 2.00076341 1.92236432 1.67573715 2.83944896 1.47403912 2.17963878 1.15014224 1.17929731 1.2341231 1.28413267 2.55789548 1.25435598 1.25027581 1.21744654 1.23419693 2.23651588 1.29463814 1.36308649 1.42952594 1.24149837 1.35661198 1.12053929 1.18022759 1.48428035 1.86846539 1.72314656 1.53142828 1.41441996 1.23095486 2.75983104 3.45954575 1.92139489 3.84195149 3.64407389 2.76894115 2.74000424 2.74755449 2.5675224 2.5386863 1.40841994 2.26972741 1.26971081 3.81491105 3.51458661 3.78242359 4.08797534 3.85383745 3.27273346 1.17786704 1.11251771 2.81245799 2.64506979 2.88823035
1.6471606 2.2172565 3.05398977 2.54597869 1.37562335 1.33751451 2.51421721 1.30617517 2.17714592 1.90904658 1.76176408 0.89529442 1.69508522 2.11660995 1.31035132 1.37845382 1.18834028 0.82682405 1.77459937 1.77417121 1.74696781 1.64191534 1.76427487 1.16121673 1.12279154 1.14236295 1.17525891 1.21941557 2.58513 2.05166644 1.65484784 1.75730848 2.50487172 3.86307601 4.17428066 3.59760639 3.80918326 2.00270543 1.59478132 1.58856357 1.52667608 1.41691481 1.22836204 1.37244629 1.30363002 1.91256189 1.78808831 1.88026247 1.9647278 2.0009977 2.85302807 2.40269787 1.03050732 1.34430992 1.48459079 2.11393857 1.71456069
3.6058594 3.14634363 1.98756754 1.40610413 1.33160036 1.66548954 1.66065316 1.56678717 1.42966784 2.31214742 1.28864824 1.30551918 1.45855932 1.62015558 1.56793297 1.36080519 1.22025591 1.26100421 1.14737773 1.19937574 2.23881047 1.24285812 1.45643739 1.46003689 1.30246341 1.23212612 1.04555126 2.53731501 3.41883598 2.01472847 2.13839415 3.06449063 5.53498151 4.12610966 2.78244496 2.35363116 2.15207569 1.3074943 1.35039841 1.50067047 1.43380194 1.18316786 1.21110967 1.35565894 1.48405274 1.40026873 1.59937062 1.77608389 2.06070112 1.77534871 3.47003562 1.74109848 1.19142547 1.11322495 2.59377245 1.24439895 2.01872061
2.21814648 2.03157552 1.70096991 1.35469269 1.40211271 1.64427966 1.61537869 1.55541415 1.62608465 1.57311265 1.48581667 1.33082366 1.48878416 1.61005201 1.59843856 1.41659296 1.2735838 1.19598744 1.24149145 1.2492271 1.37420862 1.62365436 1.48763642 1.18900604 1.53067505 1.53216113 3.27181793 4.09771501 2.40629295 2.80224722 3.34788855 3.91762991 2.92735607 2.31226226 2.03076572 1.83785546 1.60058698 1.53877184 1.63552569 1.83050811 1.10867948 0.91849114 1.1252865 2.03007559 1.20956617 1.28018745 1.38613477 2.92059809 1.21979161 3.06791849 2.83322393 1.42371122 1.33011878 1.63499627 1.62894646 1.6723492 1.59536392
1.84163514 1.78147668 1.60563324 1.499556 1.52206786 1.56963177 1.56988292 1.54676217 1.52176234 1.47655644 1.39735357 1.27365987 1.13233465 1.99517931 1.81747631 1.82815206 1.08268295 1.18484187 1.25976151 1.29535503 1.3452574 1.39224702 1.46506929 1.6029697 1.86445015 4.89278707 4.59737431 1.57228614 1.36132759 2.89322863 2.99337495 2.60802956 2.16842408 1.99773077 2.05431628 1.43055721 1.37859435 1.46778246 1.58836239 1.45211815 1.13113081 1.11272974 1.3394727 1.345642 1.30496653 1.37654844 1.84339128 1.97765028 2.15262488 2.15711985 1.96335952 1.65757992 1.50806472 1.56524812 1.59230115 1.55219439 1.70341816
1.4547233 1.54513037 1.53442927 1.51470573 1.51745931 1.52951913 1.52887551 1.51194995 1.48299283 1.43893414 1.3790881 1.31522332 1.39451773 1.44491418 1.49298515 1.4685957 1.40412853 1.28283256 1.29057214 1.29749184 1.3146277 1.33726449 1.11299925 1.64553495 5.84205445 3.92159386 1.39964016 0.92129933 2.1914569 2.37510719 2.43219989 2.26796929 2.0000561 1.77672202 1.79484517 1.98458254 1.27072914 1.35421385 2.28803387 1.25894032 1.14006674 1.17316387 1.22158223 1.24969608 1.26667281 1.36607574 1.76241977 2.10534347 2.21369048 1.94498238 1.85546453 1.75852489 1.66001361 1.60360901 1.57807105 1.53343271 1.49864078
1.42415781 1.47645842 1.4984996 1.51072797 1.51425732 1.51015363 1.50233919 1.48820042 1.46240106 1.41768125 1.36286573 1.3277697 1.32121637 1.33447663 1.34615288 1.34532191 1.34849442 1.35907196 1.3508564 1.29967405 1.25298679 1.22801189 1.01807305 1.89217847 8.01498885 1.95728324 1.38797199 1.27475822 1.19719848 2.27282825 2.29374113 2.12672272 2.04418571 1.40881986 1.32465692 1.88478784 1.79279635 1.912921 2.05228596 1.22421074 1.10133515 1.16361294 1.18403602 1.19453537 1.20470876 1.23449229 1.51245554 3.20613953 1.78075451 1.71551405 1.83065808 1.83847865 1.74629501 1.63337378 1.56819113 1.61239717 1.91149645
1.60502373 1.50061244 1.51203357 1.54239986 1.53562979 1.49976699 1.47433236 1.46295119 1.43464587 1.38340187 1.32753545 1.2847226 1.26277356 1.25865983 1.25741145 1.24486935 1.25258877 1.49536625 1.47116948 1.33376046 1.1166951 1.23150418 1.35067133 3.10399364 7.45934899 3.06295477 0.91372803 1.11415305 1.24997676 2.41834418 2.27289805 1.91494884 1.70865831 1.68459473 1.61819911 1.13226754 1.96171357 2.13715321 2.1814841 1.30663984 1.17344169 1.15186988 1.17781026 1.17779441 1.16618306 1.13284202 1.55187308 3.27138123 1.73284494 1.54057142 1.86258782 1.97690347 1.85596751 1.64276573 1.49311553 1.53062425 1.8330447
