Circuitscape/Output/CurrentDensity_BlueGreen.asc
ncols         600
nrows         600
xllcorner     4.75000481326669e6
yllcorner     4.02000353357911e6
cellsize      100.0
NODATA_value  -9999.0
[rows 200 to 224 of 600, columns 513 to 569 of 600]
0.63789144 0.46745995 0.46040962 0.48253653 0.42975771 0.45104339 0.54390121 0.5983848 0.60316311 0.56839532 0.62607955 0.46589502 0.44946496 0.43090214 0.55123399 0.55776278 0.54362849 0.50520293 0.48752799 0.4371745 0.69768612 0.63600555 0.78175738 0.47134662 0.5422063 0.52414778 0.54599784 0.52148342 0.5717637 0.61599921 0.55607588 0.60279335 0.65352495 0.65741855 0.62200395 0.57455725 0.65167316 1.1877359 1.36265887 1.4773988 0.81258873 0.62818102 0.48255557 0.64970086 0.7165278 0.78176532 0.71039681 0.72583315 0.77698378 0.82851068 0.91616449 0.86665351 0.66724379 0.47309364 1.34514583 1.10903154 1.17396512
0.56526158 0.47126492 0.41470891 0.40444583 0.40236622 0.39124125 0.82409501 0.78937766 0.50108503 0.57998706 0.42717703 0.41452031 0.40598294 0.52363676 0.52526592 0.56451508 0.56850432 0.54932412 0.4718167 0.5050813 0.49450195 0.46966585 0.50350058 0.91650628 0.44999573 1.02406139 0.40547606 0.45363933 0.98750032 0.46343446 0.48464621 0.61242025 0.70347045 0.71051751 0.63762387 0.64355147 0.71029855 1.20909999 1.24627341 1.19399641 1.0983453 0.49405492 0.6329359 0.49951798 1.07284739 0.62266585 0.66412115 0.72427897 0.78351087 0.85488731 0.91258148 0.9080509 0.86109908 1.04028085 0.72717834 0.51182486 1.4856612
1.17866012 0.53676153 0.33249459 0.35386869 0.4382858 0.65528066 0.62829673 0.39989676 0.82684435 0.37880477 0.41370024 0.40773512 0.45858228 0.55207285 0.51625326 0.53223977 0.86236991 0.39409978 0.47885782 0.48997653 0.47878684 0.44720177 0.44501606 0.82780414 1.10515949 0.40460764 0.3825657 0.92641944 0.92264621 0.33662722 0.39115451 0.84569826 0.96576557 0.55976119 0.63776026 0.71284179 0.87570596 0.94870227 1.26980652 1.13376211 0.97875079 0.89137879 0.52907891 0.64854149 0.67856979 0.65860689 0.64755091 0.71388873 0.78714067 0.87740779 0.97425112 1.01952645 0.984506 0.87022413 0.78354118 0.92407526 0.92541996
2.7547798 0.366941 0.27165941 0.32359346 0.79739203 0.8816021 0.40579871 0.48278222 0.41478394 0.77769805 0.29180413 0.66349629 0.68041788 0.31885855 0.75566792 0.55073049 0.56415038 0.50053909 0.47663133 0.49533029 0.49605072 0.50883968 0.60849209 0.65698628 0.59292557 0.5206975 0.5323462 0.55822584 0.53522645 0.47068723 0.38671828 0.85845743 0.92388082 1.00233405 0.8176752 0.92673136 1.09222534 1.15086147 1.05470293 1.05459067 0.99430787 0.8440273 0.52278594 0.59489869 0.63459661 0.60701243 0.64268799 0.70491272 0.77021431 0.89192986 1.05333868 1.17994151 0.95207256 0.74699921 0.71216046 0.83989582 0.75167437
1.99622794 1.05206666 0.35148302 0.46144123 0.97906939 0.43044265 0.48026108 0.51739818 0.51292124 0.45801675 0.44875492 0.46393905 0.45322958 0.43832263 0.38752573 0.86838785 0.46525341 0.48926023 0.50754504 0.50649016 0.51461124 0.53619615 0.56725049 0.58214261 0.56677478 0.54362616 0.53345943 0.52792105 0.50064948 0.4364391 0.29982363 0.65090153 1.86796467 0.79036915 0.42625745 1.13809085 1.23612078 0.74332757 0.63748225 1.19236035 1.09328668 0.39832732 0.71503631 0.7628427 0.46993197 0.55453651 0.61521519 0.7502943 0.83682373 0.93771393 1.54958193 1.49844051 0.66636061 0.68882083 0.75559696 0.82547041 1.00985313
4.52190322 1.02636881 0.49552394 0.91063412 0.44510531 0.47870724 0.56970471 0.51084162 0.50029906 0.40989891 0.4196027 0.42673482 0.53981627 0.42753155 0.48749068 0.53904896 0.53919955 0.57174937 0.5168642 0.51504166 0.52366124 0.53742757 0.55219046 0.56060931 0.55901306 0.55256142 0.54622389 0.54083615 0.51603242 0.38637765 0.44421898 0.72503308 0.94876483 0.94819409 0.71339483 0.78717365 1.39583169 0.65104173 0.69957675 1.37000637 0.63430475 0.58150646 0.49988375 0.56579275 0.60210122 0.58668247 0.57208897 0.52217802 1.27457764 1.380685 1.54446457 0.94342944 0.75259717 0.58535835 0.73173452 0.85917902 1.08468045
4.38532009 3.41985098 0.67744529 0.41794859 0.41595245 0.88722626 0.51979917 0.4604583 0.45527145 0.44275426 0.4465738 0.47560599 0.48573524 0.49536539 0.48940122 0.39626845 0.88814067 0.48937763 0.50334654 0.51778254 0.52661527 0.53696265 0.54655126 0.55351817 0.55729801 0.55999602 0.56484926 0.55707604 0.50684854 0.36108799 0.47739358 0.57871825 1.18771592 1.00376517 0.88774379 0.98999626 1.11303052 1.27106469 0.60274124 0.58272303 1.18095278 0.38010467 0.42342228 0.53893961 0.62878402 0.66229196 0.65957527 0.86096962 1.1793186 1.68915864 1.41897564 1.18030343 0.68984092 0.96693086 0.9744505 1.12781227 0.75387752
4.41889742 4.0595653 1.93275081 0.45987179 0.57006535 0.99943313 0.42279772 0.48601656 0.43419784 0.43684141 0.44411329 0.45831934 0.47628957 0.49245295 0.49914826 0.57359352 0.58053286 0.56024312 0.51636218 0.52165009 0.52753563 0.53596867 0.54532046 0.55284859 0.55736275 0.5624845 0.57941494 0.59301934 0.4522129 0.40011541 0.48340442 0.96702346 1.0779362 0.98940003 0.58721764 1.01508418 1.22800568 0.80495574 0.76368811 0.78618327 0.71162499 0.49697674 0.44272064 0.47175563 0.45220519 0.94511303 0.99615864 1.22285874 1.54576598 1.67030796 0.9962542 1.40107292 0.7501587 0.72428707 0.57014721 0.6436295 0.73157023
4.3438321 3.83086668 2.9077449 1.95981648 0.78613537 0.50585889 0.82581717 0.37622844 0.41392721 0.42391338 0.42736524 0.43969212 0.47021678 0.50108015 0.53950617 0.57015996 0.58483895 0.57157424 0.52851639 0.52575448 0.52724889 0.53641979 0.54817451 0.55684452 0.560207 0.54923457 0.57192205 0.59690577 0.51548077 0.52788443 0.51669468 0.9850912 1.0501947 0.61389904 0.57860803 0.99779344 0.99368698 0.99699126 0.96802186 1.05694209 0.52349333 0.42461935 0.36172063 0.33080832 0.84775959 0.95507581 1.16350319 1.42728933 1.55258913 1.45169443 1.41894806 0.76332657 0.72361306 0.50919801 0.50652523 0.56442395 1.16430689
4.34073955 3.70476778 2.78970978 2.03145331 1.67034927 0.54850718 0.82594708 0.46929308 0.40164 0.35730351 0.44066759 0.434861 0.41739061 0.67091727 0.64311501 0.65917589 0.75018905 0.47428441 0.52279013 0.52654856 0.52246403 0.54114017 0.55843462 0.56665314 0.57596964 0.56734004 0.52625526 0.8280938 0.8169593 0.53279725 0.57018054 0.68175067 0.75400776 0.75166016 0.76788326 0.69796933 1.06746252 0.60286351 1.06716169 1.00119326 0.9044849 0.35809478 0.35699629 0.56513791 0.77350413 0.83123856 1.46974318 1.52605318 1.69956119 0.95023403 0.90218528 0.84057795 0.72636316 0.51178133 0.49420605 1.39003793 0.64796068
4.66949138 3.9478078 3.15200265 1.20882525 1.13036119 0.822088 1.02539844 0.53676357 0.42647203 0.41419361 0.44397122 0.46331899 0.50436034 0.52121102 0.54473535 0.55744586 0.54085251 0.54923756 0.57892366 0.4938 0.48904792 0.57030707 0.57409823 0.58644569 0.60586883 0.63839472 0.7104693 0.58337462 0.62273466 0.59648042 0.51413181 0.52317235 0.51707965 1.212376 0.67234881 0.77277407 0.73950996 0.57187247 1.17893415 0.75669391 0.73594696 0.55834133 0.36494172 0.4389013 1.34025007 1.05976547 1.26423534 1.20333396 1.18606909 1.10481744 0.96783702 0.92576941 0.81783175 0.56674911 0.8500213 0.67301508 0.62183712
5.36884758 5.13907336 1.74431429 1.31525304 1.09610964 0.98528423 1.00032754 0.96118008 0.34926848 0.43805917 0.47049368 0.50238332 0.43772173 0.45690854 0.56832705 0.53671191 0.51569279 0.52503494 0.54797886 0.5792807 0.5013304 0.52143354 0.61031947 0.61374206 0.64155651 0.67609356 0.69515978 0.56625796 0.54252896 0.62461781 0.49311112 0.53432472 0.69250114 0.84631413 0.81073607 0.73720599 0.74281599 0.67754765 0.67051523 0.73691444 1.20861192 0.45196587 0.405469 0.44584342 1.22927842 1.51557631 0.91310489 1.06354567 1.16033499 1.10167811 1.07157497 1.03967256 0.77143969 0.65372406 0.63868003 0.60450214 0.72553164
6.08491747 5.96473482 1.82059792 0.90761353 0.65251456 1.07709719 1.05998177 0.71095207 0.69634136 0.43015452 0.49769239 0.56180658 0.4637439 0.58965764 0.59586365 0.50919476 0.49623994 0.50531795 0.52780965 0.5471914 0.54975973 0.56861012 0.6022518 0.62778408 0.66306318 0.69711952 0.69858336 0.67152029 0.51496686 0.49816057 0.5058358 0.66004895 0.7209267 0.7665957 0.78131 0.77813591 0.61055534 0.75113973 0.76539214 0.69912949 0.68655158 0.72016234 0.56919296 0.64313325 0.71484513 1.5961108 0.87368641 1.32253065 1.27382955 1.1932306 1.15246584 1.22019281 0.56058212 0.63043557 0.68715472 0.63541002 0.767392
5.90244531 7.42189698 3.38543848 0.72578358 0.60997331 0.58531865 1.01369643 0.98598486 0.78297524 1.50592794 0.7909737 0.86976628 0.80408662 0.89589863 0.45483992 0.4542423 0.47823312 0.49218668 0.51088562 0.53115388 0.54717082 0.57026963 0.59959927 0.62113669 0.66590181 0.7337209 0.76231357 0.69954546 0.47689455 0.46818461 0.6292387 0.66419454 0.69072349 0.71523833 0.73632831 0.72477928 0.7137323 0.71910129 0.73284457 0.72330458 0.71881287 0.69833536 0.66662879 0.61978754 0.65654097 1.24642231 1.27221464 1.3093841 1.37014512 1.24670165 1.05332685 0.87395751 0.87723969 0.94265975 0.59105208 0.70914998 0.70273851
4.71367324 3.63270584 9.64563725 0.84989674 0.42368672 0.55812401 0.8840662 0.87172528 0.52555075 0.45691892 0.66230206 0.81169179 1.68907437 0.85504835 0.58393931 0.48389063 0.48740839 0.4711092 0.50541457 0.53283186 0.55447417 0.57046647 0.57874986 0.59455647 0.65511479 0.77211673 0.87795561 0.61769191 0.54704246 0.53776486 0.65207949 0.63778801 0.65789392 0.67898732 0.70363584 0.72662212 0.7218983 0.70708509 0.72235181 0.76566227 0.77573629 0.74080845 0.69226562 0.70059291 0.77809763 0.84097104 1.40368897 1.3985112 1.42828759 1.41039216 0.68615609 0.73772254 0.76143522 1.08529398 0.96588656 0.51746357 0.62197576
5.02612737 5.70618837 4.8497513 2.36600137 0.9341895 0.79934459 0.81184038 0.49541195 0.45965739 0.44499052 0.47326668 0.54467076 0.65102608 1.07828945 0.90825461 0.91523912 0.42298669 0.4769383 0.4994483 0.55848306 0.59676318 0.5871401 0.55988689 0.54972185 0.60635527 0.86409573 0.97801987 0.68225238 0.73652699 0.65316098 0.51464328 0.62230046 0.62848413 0.64701218 0.68081743 0.72438486 0.7826861 0.64319433 0.66918028 0.85882175 0.88640816 0.69678351 0.67713282 0.70061611 0.87213948 0.89654985 1.40978329 1.37246199 1.3870918 1.38160434 0.55360755 0.62454568 1.36163426 0.80602211 0.75080322 0.62427775 0.56554899
5.69719376 5.54556552 4.63480126 1.72123001 1.07273791 0.89882931 0.76145413 0.37730339 0.43598264 0.48159341 0.50556734 0.53631974 0.59970466 0.65081566 0.6930886 0.66956682 0.62190827 0.51030014 0.48814743 0.46703181 0.7739751 0.81867499 0.48387276 0.50000061 0.54041683 0.48922267 1.42434021 1.46343875 0.57229409 0.61619213 0.50532289 0.55604614 0.59638201 0.63045658 0.6449239 0.74302253 0.71504242 0.78574241 0.63248089 0.89839453 0.92585567 0.7103283 0.69855975 0.9339939 0.96518629 1.08391018 1.08583687 1.01326721 1.64468496 0.97009074 0.9498092 0.83934324 0.90290182 0.8292976 0.92719396 0.67879814 0.64258301
6.25634946 5.85025 4.58024265 0.98422971 1.07171428 0.88690467 0.77011758 0.39431254 0.37771409 0.51495075 0.53681511 0.56436105 0.59512904 0.62233775 0.63514936 0.62299645 0.58554068 0.54149681 0.50736834 0.52536437 0.56829404 0.61242582 0.61035987 0.46514325 0.41290557 0.80281001 0.45401194 1.69644305 1.601326 0.38567462 1.03135148 0.38119762 0.44408123 0.60155995 0.45219659 0.97785703 1.01260483 0.61024387 0.80352669 0.95544536 0.9989932 0.7901647 0.98217684 0.94056546 0.96601866 0.9928648 1.017582 1.10080824 1.09833909 1.10494454 1.02251583 1.10672889 0.93132667 0.96281476 0.89944514 0.84412356 1.0449596
6.72707632 6.59314206 2.33504437 0.99960166 1.21810813 0.5498566 0.55116048 0.54619507 0.44967205 0.44039444 0.56653847 0.57537366 0.58816452 0.60674012 0.61610525 0.60824719 0.58261291 0.54338792 0.52791702 0.52891807 0.54881744 0.566909 0.57738879 0.55344405 0.59807171 0.53665624 0.68555313 0.79992253 0.93899615 0.89025597 0.78337509 0.63406654 0.49774885 0.56961668 0.60516469 0.56887865 1.06544616 0.68913723 0.54409429 1.2782686 1.2350211 1.25138645 0.80747136 0.92439543 0.90620406 0.94302566 0.96611679 0.9565274 0.94944318 0.95916514 1.02938056 0.94405381 1.45614891 1.29865219 0.66031072 1.41720001 0.74908724
6.85471663 6.07230885 2.25860357 0.73812706 0.78955558 0.69291622 0.56389254 0.53157909 0.49639111 0.48629799 0.48913548 0.57557259 0.57237868 0.55168689 0.60541969 0.60133862 0.58629621 0.57873041 0.45341779 0.54243005 0.53960349 0.55469147 0.56767139 0.5909817 0.60212526 0.61842761 0.67473992 0.73506709 0.75164847 0.80392279 0.67835282 0.96767335 0.42229418 0.87540589 0.54616997 0.56297976 0.48002273 0.60502147 1.24618926 0.741455 1.40598411 1.38499244 1.24549734 0.71941538 0.8312062 0.95443968 0.90210115 0.87492592 0.8138137 0.87383813 0.88513362 1.58253423 1.50728896 1.3215896 0.73116491 1.22987548 0.74800163
6.89079899 5.92547167 1.60378571 0.80644825 0.77699237 0.71638 0.63535939 0.58438028 0.55860669 0.54473887 0.52287714 0.40325496 0.96105837 0.50020839 0.58878366 0.58556894 0.5720921 0.57934465 0.56737725 0.43786678 0.53599306 0.54086803 0.56360554 0.58098215 0.66760481 0.68391497 0.70536216 0.665514 0.64962015 0.60725491 1.09551263 0.49586848 0.51270988 0.97118601 0.55048388 0.55116132 0.42103534 0.43428147 1.03778139 1.07115918 1.37663822 1.53023112 1.42115524 0.72761669 1.14545998 0.72008026 0.84706759 0.77248236 0.75159253 0.75358393 1.5934732 1.64609833 1.51253855 1.29023571 0.72583418 0.74522893 0.85133171
6.94627318 5.72045866 1.1616151 0.92028412 0.84014733 0.69559228 0.64684081 0.6102088 0.57062992 0.5767889 0.5437602 0.55864198 0.49000512 0.83455195 0.80976015 0.49827389 0.60818753 0.61467923 0.57640062 0.53017587 0.43894519 0.50636557 0.54871056 0.54340765 0.4788234 1.09078361 0.59198139 0.64048113 0.64952852 0.66260402 0.71848624 0.72430773 0.68209116 0.60054907 0.6179339 0.52143654 0.57421348 0.62693656 0.61007983 0.65532827 1.00113033 2.17507496 2.04234618 0.89018159 0.84195954 0.89981793 0.96337111 1.04623027 1.08218671 1.28282109 1.52364799 1.59874234 1.42963347 0.76833753 0.77030605 0.75890505 0.79917463
8.09098465 2.83710102 1.70083497 1.01264115 1.32032979 0.57228056 0.52722986 0.89529432 0.53792183 0.51170796 0.89575923 0.45748071 0.51287049 0.58262235 0.61041503 0.578362 0.5074915 0.97965148 0.54719156 0.49909768 0.49654044 0.43304489 0.77143517 0.61517047 0.76729412 0.5958741 0.53540019 1.02298781 0.51317334 0.6011659 0.69991709 0.74808664 0.74222954 0.56884393 0.66136808 0.61831853 0.62526135 0.64611453 0.61382421 0.54795223 1.15715694 1.12496582 2.25905238 1.31039145 1.07115923 1.04435561 1.0840775 1.18752347 1.29311661 1.48202091 1.29370678 1.23265891 1.14734067 0.69222809 0.98303369 1.03451508 1.08895676
8.80729499 3.0999321 1.19309225 1.83665694 0.91912648 0.71933333 0.59976262 0.58789674 0.55503228 0.92327195 0.5341889 0.46519744 0.54259569 0.56149763 0.56316611 0.5130985 0.49971154 0.8710623 0.91971406 0.42735242 0.46526641 0.44410075 0.3868443 1.67244909 0.75474163 0.63651324 0.78805127 0.57297633 0.55620807 0.50704238 0.74082453 0.79952373 0.72262391 0.70137551 0.70825376 0.7381099 0.59828097 0.99347563 0.47640822 0.69682639 1.17455652 1.03434514 1.03707709 1.28281956 1.86214658 1.62648058 1.6506947 1.83715178 1.95735964 1.05124898 1.19815575 1.04182105 0.75986584 1.3484623 1.24229417 1.47938591 0.87159351
7.91808681 6.96690288 1.68312501 1.66029601 1.45243377 0.71547016 0.63452133 0.62279603 0.66513805 0.62576522 0.56499813 0.52537853 0.53465782 0.55840878 0.56346875 0.54825023 0.46152264 0.56440361 0.64856966 0.8750643 0.38662103 0.37242261 0.46994883 0.58241746 0.80375389 2.00074168 0.39013653 0.50233376 0.52078438 0.47444805 0.39603172 1.01785566 0.9732338 0.49549969 1.23518277 0.68454487 0.72965265 0.60609872 1.05591582 1.03339481 0.73479786 0.69768102 0.88953777 0.95520037 1.88595806 1.98428848 2.05785909 1.24884909 1.12423852 1.34348308 1.10562219 0.91504705 0.93897462 0.62231102 0.59045012 1.49544536 1.36637958
