0.0 1.0 2.0 3.0 4.0 5.0 6.0 7.0 8.0 9.0 10.0 11.0 12.0 13.0 14.0 15.0 16.0 17.0 18.0 19.0 20.0 21.0 22.0 23.0 24.0 25.0 26.0 27.0 28.0 29.0 30.0 31.0 32.0 33.0 34.0 35.0 36.0 37.0 38.0 39.0 40.0 41.0 42.0 43.0 44.0 45.0 46.0 47.0 48.0 49.0 50.0 51.0 52.0 53.0 54.0 55.0 56.0 57.0 58.0 59.0 60.0 61.0 62.0 63.0 64.0 65.0 66.0 67.0 68.0 69.0 70.0 71.0 72.0
1.0 0.0 20225.07534074183 31682.247102351503 32887.23027127011 34224.48491908313 33048.55113642362 30700.726458396304 24173.238676939385 31669.787713741207 21211.254463450503 26835.248903370466 23657.737999609468 22380.51957903783 25259.71128522569 24414.917666105503 28475.16192726441 19917.52830671852 33548.073738655454 26044.202733569713 29361.09888063035 32973.29012036871 29475.254162653193 30192.21905885493 26625.977154181317 29423.29293094349 23926.386907496388 32393.562233932797 27516.772381630857 32981.44731496795 21407.25587413121 27894.62904395994 29700.721233412532 28498.706115026274 20792.3153759245 23956.658449455186 28922.510637466847 28899.49979991716 20430.36828481311 27033.683795341603 28481.719473024597 29481.38571620392 19846.049013428456 22473.651489642307 24798.316216568826 26746.020008902648 30833.29764712615 28773.29283624198 24476.10451851932 27457.1543426325 29508.288159888296 29153.469761551092 34090.163180678355 22805.652394000033 26099.305266418465 30456.701879172004 31409.073239819423 25210.496944834013 28837.82291895479 32625.0685610046 19816.499075648382 20136.090821858408 30836.999172214157 22662.63517175006 22676.299686425 27312.444465437853 29392.401656529946 23869.360518722155 21935.41944051792 25518.107626299723 23336.9450060203 30482.049083251455 24713.68891156221
2.0 20225.07534074183 0.0 35065.0565189668 36334.2237322304 37675.70313586152 36477.80441653514 34100.78337777089 27567.908743097512 35093.00017477528 24330.282677903248 30248.93384032083 27071.830614706243 25789.045828583243 28762.959298177644 29503.44603103299 31874.713222929742 23804.323145126167 36813.82043991363 29472.03064855734 32850.96350181717 36415.14414220756 32903.603400132095 33577.254660113955 30071.36872967809 32935.94589513027 27335.082377447863 35809.93010991502 30911.47875868124 36574.72854256647 24732.869049724413 31451.846098207177 33152.9991880841 32196.68079407206 24181.714724246158 27341.142702433608 32364.125930502632 32300.145417353226 23629.906134206773 30490.948541776575 31920.86954984368 32906.118942116234 23231.995099097127 25907.016235492876 28249.59268082943 28998.19596052069 34321.513755652086 32184.16180228365 27913.028479108067 30863.180189302282 33094.857186714435 32575.733231722115 37469.114208374354 25845.370091108955 29579.635324917734 33869.351615202475 34847.032048580615 28685.295301360395 32264.27555323282 36051.95966939063 23200.982011477692 23210.41504745192 34251.38666696624 26085.448503135867 26218.037116186264 30702.21210283907 32783.293178383574 27308.61434456351 25277.84839866825 28952.10443180721 26805.142344545784 34029.57652231642 28246.058871757028
3.0 31682.247102351503 35065.0565189668 0.0 33339.3295288075 37256.88834859633 35632.08839392441 33759.103006065154 28217.06960010546 34264.87530619002 26231.788555415038 29545.32856399087 26386.88830095697 19502.849518733063 26643.324571027228 37406.113170606215 31475.543603435184 27875.173226151317 36884.899823601045 27812.93402522697 30631.5872060996 34100.36899885147 31380.94255327165 35061.247396360384 27930.44948529368 33214.69905762716 28017.943437047834 35047.762965614034 30548.628859905504 36036.163052842225 21395.35749626925 30327.685097313442 31420.590997276024 33124.0614022335 17604.948024470657 28259.009100300253 29636.86455862919 25685.264527096235 23256.046116547368 28174.283745637207 28876.023746409912 31623.5757266535 16330.476399264866 21712.546757817487 25025.887280260715 36377.78723599955 32680.513097287003 31647.6529932118 27597.156332657258 30325.867400618863 32462.194727152608 31582.8125213956 38259.84375930601 29609.198392888007 27083.558138208275 33237.12802574048 32589.276850062386 25878.594431141806 30545.19108182219 34408.70565744824 16595.168743818354 24677.74464024143 33537.93702539774 20811.70243295182 24836.022557992837 24086.122723931963 33402.28327852984 26471.362186472845 21861.96312168863 27976.15540788883 23530.644591080756 32980.865976771514 26959.791267446155
4.0 32887.23027127011 36334.2237322304 33339.3295288075 0.0 35534.58845617047 33626.56820882496 32486.019750842293 27738.140050735652 32371.84379815884 28354.762251028045 27875.018108310996 24723.309421507103 23514.380364683544 26052.256391462528 38693.31994532836 30169.769276709514 28649.776571909053 39374.79784669842 25224.472850111684 32438.956111883548 29761.727504795985 28858.477270880816 35184.82727623127 23629.088042660736 35227.018200782906 27500.505795382174 33301.80885531681 29313.713279731066 36609.56411453038 25215.3054050347 31041.99789442391 27765.750645155345 34325.90947115906 22780.091370991355 28033.204568134715 24192.830088762195 30379.82288284979 25902.95764404843 22853.701706473003 23346.78750084096 29375.052842003417 21873.733528819597 24333.03888347639 19823.06725218 37552.12766606838 34853.440112435695 30125.343077665937 26047.332776128722 28858.981966515876 32959.76766101494 29583.787937154775 37972.47713113787 31411.21923240886 25299.503000130124 31627.451815629298 28788.645045089157 24420.420163285453 27987.441638213637 31868.912551055007 21951.55555222951 26775.303651645703 31851.719592037192 23454.157622525876 25034.798343866925 29275.938762004273 32919.41448032098 24335.625951871516 25627.460593026746 25767.01126962026 24565.34353628862 34521.110502517586 28572.57655700435
5.0 34224.48491908313 37675.70313586152 37256.88834859633 35534.58845617047 0.0 32677.840676445816 32340.06499228244 26802.483690068504 31894.78715168706 30366.37854568138 27753.147901583383 24524.187291920978 27719.158515941657 29737.412495299533 40198.08770284269 30173.415459669002 29581.042955963305 41730.72880784399 27072.621136151552 35662.94001442856 34514.64804100673 30275.05714050871 34927.53626109954 27907.809961787792 37685.6352486563 26323.812870644862 33153.975858796024 29475.363054191097 39189.85511887235 28141.76510146269 33923.29516205275 30211.180680720838 36538.33975304845 26562.68059652028 27379.590424172537 31023.193176199355 34411.971415417756 27970.971066438302 29000.55211461361 30940.20941032037 30216.191198770888 25633.6201395947 28161.281359705277 28019.12149273358 38686.37343751908 37793.75230236807 29776.498504422892 22414.166353005618 28808.92924974305 35567.697213567204 29696.65144045539 37346.84192457095 33245.03098414549 29814.004898469586 31391.34823562204 32882.79497880771 29188.896349370967 30033.409574699723 33694.657148278566 25661.028345076542 28541.411774492313 31708.76292507632 27828.74321123153 28051.45216969699 33070.16075298285 32057.8261953883 22173.46849360134 28636.24112008148 24868.095643178254 28562.612790611 37357.95854554867 31482.907466170007
6.0 33048.55113642362 36477.80441653514 35632.08839392441 33626.56820882496 32677.840676445816 0.0 28771.84367059028 25315.42137381203 25479.60489859072 29041.62535318463 23038.23863099339 19756.4253360149 26113.8192207737 28514.298864785847 39016.80686695145 26570.090025218764 28519.262710077655 40369.924103514786 22722.5670975034 34315.02045558496 32007.700678985577 25512.61666079649 33850.97369437531 25596.706565691144 36388.20676691148 25160.57952469193 28134.395202035375 26030.67027147075 38058.26636471033 26671.718187422422 32727.177860371954 28570.023409852154 35366.143379806614 24998.339026490437 26044.255932027445 28731.327568316286 32821.22501438818 26562.900661690983 27411.585288067858 28672.32300200333 24976.570951055233 24065.80195082648 26675.564025956082 26316.455112675598 37475.66045489186 36450.21142418619 25422.864983867337 21870.392753730946 24776.032901486906 34442.02370468782 23993.032408449006 35804.119513021826 31966.758687828446 28508.078982289513 26789.644134868387 30025.159921203453 27806.01188207322 25878.23223225915 29348.549348337292 24101.578058508232 27186.427655714157 26918.039256944714 26240.398231403808 26888.52432137135 31504.116506339167 30446.77279455681 19312.660688391028 27169.686777408275 18364.472534762725 27142.428065013206 36081.52281137679 30191.105458794875
7.0 30700.726458396304 34100.78337777089 33759.103006065154 32486.019750842293 32340.06499228244 28771.84367059028 0.0 22162.627949825794 26373.09907479079 26751.645858783864 19378.100296455246 16250.793927543717 24325.511960529497 26971.502357270467 36726.21707192487 13887.846207958406 26176.671798045754 38168.496883927684 22141.049617677487 32451.65806679282 31285.757656561065 25495.837925950167 31160.63865678091 25032.09528344028 34309.260774141825 22460.532794627445 25609.789969560596 17774.888616749962 36238.306234512645 24562.45992079967 30932.274439448935 28247.104288183094 33356.811561783295 23111.679525651383 23006.47921963945 27748.47904048412 30992.635803566587 24180.614160917983 26496.4107981632 27536.024551507056 24747.74718014746 22170.43347404908 24863.006839256836 25034.14313666471 34999.77355393899 34493.14470864199 20295.082770800174 21646.3022335418 17086.097025868086 32640.16511793856 23751.357756399244 32462.858099767724 29670.036499943046 27126.355296315007 22594.360559586705 29305.99993880329 26363.409068379064 24826.91419879894 28580.335804163515 22195.653725052493 24753.86935635792 23551.0128811166 24503.40949143374 25186.844320941054 29619.94236379073 27091.7602505174 20845.21947116031 25095.965772907803 21901.57877440774 25443.135588889625 34168.38475521705 28285.40496146137
8.0 24173.238676939385 27567.908743097512 28217.06960010546 27738.140050735652 26802.483690068504 25315.42137381203 22162.627949825794 0.0 23800.33176982183 20487.635721794828 18759.09908934025 15549.09083979065 18839.70623164192 21397.785837886062 30275.126203168664 20095.877181107513 19496.219930286403 32036.772207973547 19152.248454204477 26651.35586957794 27046.36019853659 22458.624756853584 23301.28030264467 20659.31025313255 28230.64554726763 12330.12258210682 24393.88519208728 19270.338435540878 30289.53842846757 18644.56805673533 25068.89682790998 23587.09224367122 27225.454206249415 17495.68924419072 13085.786282866404 23341.33793282758 25455.818089397944 17943.277566394547 21637.080840267357 23085.502808650483 22156.454768304648 16550.000283828762 19240.92713874195 20042.038661956118 28363.292842738716 28591.136269053895 20413.218133228715 16293.754670456516 19194.254765709855 26707.33001403568 21474.346028081818 21674.716718047515 23339.630969071113 21762.589747678812 22267.171887225115 25311.8775369813 21002.273557515917 21979.98216998666 25701.960028431226 16557.152978531332 18392.77571484403 22771.077366037483 19047.905516862575 19398.790215882094 24007.92187967334 14018.868901338017 16419.528907928372 19206.793399793853 18060.875391977203 19872.252849938224 28247.372163504348 22387.37374946889
9.0 31669.787713741207 35093.00017477528 34264.87530619002 32371.84379815884 31894.78715168706 25479.60489859072 26373.09907479079 23800.33176982183 0.0 27656.35586726562 19795.73717112747 16477.030715158508 24763.96423449767 27261.840647728455 37645.55181370269 24150.55519888235 27151.06147842942 38992.91336217935 20913.551693448666 32989.58250538885 30796.182304043083 23769.39584551745 32432.490201394372 24492.792975686752 35035.464074024814 23734.10383041916 24543.86148233429 23697.284662877173 36763.868545800695 25294.13928264234 31430.53000328641 27659.413880103584 34036.90895615618 23639.287563335467 24558.761617299413 27459.148820132083 31467.16622615897 25156.295372643668 26274.477480500012 27351.154140793653 22216.465984737348 22704.81011704236 25340.226129162766 25057.306858633216 36076.1675596846 35110.4237093353 22557.483516137094 21047.372021649393 22086.329100343777 33151.26849811763 19458.538453477155 34261.458226368195 30585.350905371917 27281.42275115553 23681.646620533356 28738.6919746592 26555.586741583626 23957.275843388426 27422.86859596181 22740.28882470152 25778.88454041233 23600.47648291057 24902.199369717026 25611.749118313943 30145.18346429197 28894.216739013937 19340.479982018613 25797.51183151741 19612.30105937243 25835.625180195828 34756.45875780964 28865.50704080728
10.0 21211.254463450503 24330.282677903248 26231.788555415038 28354.762251028045 30366.37854568138 29041.62535318463 26751.645858783864 20487.635721794828 27656.35586726562 0.0 22831.192166027402 19659.20775725261 17064.15973070834 20776.852836140628 26715.260183257673 24509.958608404624 18667.315118230836 24228.284520935013 21841.32933078707 24239.647268408953 28620.648654704975 25304.658542794212 26788.341389991474 22312.966643399304 23547.7568967027 20294.656714203644 28381.508627915897 23546.322576345097 28808.0708205923 15238.036042021427 23443.23126627774 25487.98518196227 24552.109778597216 15270.976203534701 20327.305711086196 24471.770213048447 23500.51980521087 13967.865999213765 22660.87423105938 23959.240359971718 25361.9942973315 14311.624995124428 17165.442712598677 20180.662786238376 26235.72627445792 25427.716420225843 24803.872712623204 20622.22179572726 23474.887914532417 25328.200140920228 25098.363460043976 30397.724411732626 15035.745983891044 21586.073361865532 26467.711286572376 27071.88774768587 20607.335630300775 24619.660193481635 28424.73915722048 14254.967980698577 13145.868185641695 26832.21469063993 17457.96959877736 18300.942193675164 21796.91415490298 25685.134525350957 19879.702798415787 15764.495723628017 21486.003907820523 18398.27473335155 25633.198167264392 19772.16505506859
11.0 26835.248903370466 30248.93384032083 29545.32856399087 27875.018108310996 27753.147901583383 23038.23863099339 19378.100296455246 18759.09908934025 19795.73717112747 22831.192166027402 0.0 5387.641101382758 20071.527656771912 22664.04987218696 32827.34052232104 17039.100880249345 22323.563376495527 34191.806130471115 16712.491385830355 28288.855541500387 26438.900204808713 19941.27131721684 27513.1118277599 20199.278679844454 30273.432340432886 18835.60759388502 16372.164185392172 16811.552345882203 32085.982726698327 20514.187683012387 26757.338880257583 23460.70107717252 29301.217423918355 18919.72118710276 19541.866119988586 23005.496073885806 26763.445116737625 20299.716460038828 21869.033509734778 22838.75109813534 18705.88914971976 17982.396299811175 20647.58210632422 20521.480945822488 31202.908594970286 30382.0278791062 14585.877555940959 16995.61627796159 13971.512728478776 28479.01426365204 16949.33350165478 29152.142288609735 25760.569087851167 22730.870439568105 14165.688141496488 24377.705117164358 21982.369871742216 19464.69803375873 23123.96148494548 18015.238601704 20910.513712201093 11847.24130220259 20226.544448063574 20967.96045885667 25426.257382833104 23790.581439829984 15750.952283076454 21028.21828242069 16482.654622605805 21180.77815758912 30044.379327611146 24154.903426142915
12.0 23657.737999609468 27071.830614706243 26386.88830095697 24723.309421507103 24524.187291920978 19756.4253360149 16250.793927543717 15549.09083979065 16477.030715158508 19659.20775725261 5387.641101382758 0.0 16912.71189960792 19494.2169702091 29650.625133323414 13980.107907082838 19142.320701502977 31021.78134341585 13613.128248112444 25121.104103296453 23293.634325485647 16815.923494289764 24320.984288188367 17042.94430550985 27102.42613748867 15622.20134373819 13187.452581450365 13805.158809216211 28912.20053825309 17348.5792438103 23585.555888425188 20282.872298407252 26127.010329113862 15758.940559966923 16342.535072400064 19862.25459997633 23603.915379404454 17129.821877901057 18704.579358357245 19699.04532975795 15584.952009359713 14821.69561822337 17484.51210641307 17364.939924253318 28025.12382158098 27213.47419462126 11065.144005286791 13740.947611320238 10890.767524360497 25305.209855798974 13753.035102357133 25953.477835012873 22586.98483495197 19563.22312637508 10329.057563028191 21242.652593877574 18816.9964228511 16390.87250021151 20036.761673447152 14854.175900031878 17738.316258205243 9436.994114088991 17067.305731068227 17795.851325326003 22265.55145064715 20581.842169457348 12508.470490147063 17862.761692665 13239.934151788564 18016.153253692737 26874.08518590359 20985.132323147336
13.0 22380.51957903783 25789.045828583243 19502.849518733063 23514.380364683544 27719.158515941657 26113.8192207737 24325.511960529497 18839.70623164192 24763.96423449767 17064.15973070834 20071.527656771912 16912.71189960792 0.0 16636.4184793074 28079.391322453608 22041.015055506374 18529.86449471057 27705.774109399346 18272.10469473037 20769.51579692951 24442.767123018057 21841.033418245806 25735.02705765397 18260.03667253801 23776.970114779662 18625.59933297986 25565.93326925963 21124.326907461655 26283.120020101967 12662.007287653614 20511.37204118201 21748.42788750917 23555.277869269397 8229.558185236136 18908.776023829098 19941.237772449444 14239.976046175685 14385.8677998137 18385.43822303266 19174.19515890018 22103.73993328648 7497.239457696604 11310.348842792895 15032.781899370271 27135.14685713229 23052.31330951568 22185.562797845036 18095.43424454546 20873.87152587421 22694.7699903221 22078.76859460223 28910.18073919718 20375.084758734163 17058.199539879504 23767.8805608514 22966.7826559165 15769.059841570117 21009.847560389248 24872.394452394958 7761.868049325508 15635.935169851706 24062.227984897872 9202.990148556564 14956.793705278855 14666.33520945445 24028.079779593583 16925.386401186086 12982.615488880543 18437.148561360857 13228.130481923901 23270.19919313084 17232.68615846067
14.0 25259.71128522569 28762.959298177644 26643.324571027228 26052.256391462528 29737.412495299533 28514.298864785847 26971.502357270467 21397.785837886062 27261.840647728455 20776.852836140628 22664.04987218696 19494.2169702091 16636.4184793074 0.0 30948.534149789055 24707.26680528157 21076.706224820307 31746.783363808456 20974.32209103874 23636.384280172613 26957.614729413348 24477.496123458834 28364.68111861278 20560.172183498194 27124.370027063953 21105.224605910735 28141.56159831694 23827.09075537369 26705.717749195093 17900.621334130374 20957.623951426845 23673.376486997924 25677.81864896779 15722.170769484004 21521.464358511683 22652.868587326484 23438.31816707606 18634.054187426278 20095.79895458592 22158.36008901883 24726.018622012314 14849.964453420092 16470.229842991685 17381.272532121864 30142.485241507384 26492.35159800845 24765.104913061376 20321.397283418934 23508.816567073838 22915.727135038745 24642.920973744374 31552.530149044855 23756.763177205175 15964.099502288118 26352.04614305574 25612.800348547702 15316.417867846907 23769.2382217639 27589.47388616267 14885.451761271714 19432.662353418375 26648.802554257396 16398.3198529603 13878.614180397632 22226.66449589283 26608.922630623485 19135.274952764918 18242.605485567517 20777.0722632873 15507.622827225712 25607.431626903905 19677.548731841132
15.0 24414.917666105503 29503.44603103299 37406.113170606215 38693.31994532836 40198.08770284269 39016.80686695145 36726.21707192487 30275.126203168664 37645.55181370269 26715.260183257673 32827.34052232104 29650.625133323414 28079.391322453608 30948.534149789055 0.0 34497.28011809037 26360.7217030118 39063.17525852997 31965.87588149977 34877.46171359048 38834.20039831393 35404.025537456895 36382.14498375169 32490.254934687375 34570.00663627507 30023.72292735664 38379.750030649855 33544.3786578198 38504.14104760325 27119.42200904454 33424.75601984654 35578.04879602588 33636.91694955528 26487.41006552559 30087.30435247224 34759.766187581066 34597.098713258514 26305.141324909353 32859.98655351592 34306.14789263757 35428.429877040064 25545.799736156387 28111.364396452325 30573.396331155644 34187.70477522332 36257.93464501573 34778.19676028652 30472.774667878013 33465.747002498705 35054.41137867955 35120.20826080808 40211.56448124611 28014.13958303906 31835.90014128416 36454.08103336265 37280.82045581327 30934.963395018705 34757.95388308697 38548.847639125095 25513.699690449524 26040.656161231615 36827.89025581982 28354.790570933852 28293.42368447515 33008.001289568434 35493.66386122731 29826.505522290703 27614.268679608693 31472.591327399146 28980.359763932676 35875.75707673717 30132.57789867474
16.0 28475.16192726441 31874.713222929742 31475.543603435184 30169.769276709514 30173.415459669002 26570.090025218764 13887.846207958406 20095.877181107513 24150.55519888235 24509.958608404624 17039.100880249345 13980.107907082838 22041.015055506374 24707.26680528157 34497.28011809037 0.0 23961.26989075611 35919.993420001425 19713.451660213075 30190.32740355648 28945.917950467046 23104.558690818325 28991.034489586804 22712.552486497683 32060.86991713443 20371.270969672507 23308.305717567397 14300.563206861816 33990.88135737726 22300.91359173171 28679.239213557947 25968.068863690256 31115.069797808563 20833.96152684158 20883.57912171573 25409.778073017376 28710.70402450094 21934.856567419876 24203.29773409162 25192.757469992903 22357.699017522373 19892.70834321707 22589.166879028107 22732.322073826537 32777.64287660938 32235.917879850444 18389.58683023902 19524.5071036236 14672.040846158812 30392.34087276969 21432.861835599702 30359.470049663985 27432.751930957987 24852.683926596947 20396.64387469664 26944.43487298756 24086.026156799377 22360.600618623037 26136.95748722928 19919.01465935 22515.238322966816 21237.054279859833 22218.762800779055 22932.26751068522 27341.993632846225 25037.713910602233 18648.862111965984 22833.376694623374 19676.053037991172 23170.39756941001 31914.50646967027 26030.044845645556
17.0 19917.52830671852 23804.323145126167 27875.173226151317 28649.776571909053 29581.042955963305 28519.262710077655 26176.671798045754 19496.219930286403 27151.06147842942 18667.315118230836 22323.563376495527 19142.320701502977 18529.86449471057 21076.706224820307 26360.7217030118 23961.26989075611 0.0 30538.67821809379 21627.428519935784 25618.162773703094 28633.097653666387 25040.12654168938 25359.37097204279 22263.421789929576 26361.241571994855 19189.52852711951 27882.83034954929 23013.30450800701 28867.30549995166 17832.670123771022 23886.00048305374 25279.258217535724 24923.049998395072 17021.80326988978 19263.02011965889 24636.412888459385 25081.288692444356 16977.144377735447 22708.900477120398 24234.35075093479 25021.158519923836 16078.537592998666 18665.1721835881 20614.33650303291 25119.284001214022 27292.984607941842 24245.418091164895 19844.318419658463 22943.683145603383 25361.591621790474 24659.768266868403 29445.52451637776 21003.977817270978 21891.795111526255 25937.753323475503 27060.794769754095 21052.23881221696 24430.632999302936 28207.72574427929 16059.873747767298 17030.799461183065 26324.76887285281 18773.06225104309 18519.213358203477 23539.56134682642 24735.704902094243 19320.11301567837 18367.659107883763 20998.93706466905 19388.468469285333 26812.92307677491 21039.345150648067
18.0 33548.073738655454 36813.82043991363 36884.899823601045 39374.79784669842 41730.72880784399 40369.924103514786 38168.496883927684 32036.772207973547 38992.91336217935 24228.284520935013 34191.806130471115 31021.78134341585 27705.774109399346 31746.783363808456 39063.17525852997 35919.993420001425 30538.67821809379 0.0 33070.714461715594 34842.85687386096 39745.942425898465 36549.92857724505 38454.04238780526 33453.25700187675 33917.67341932483 31839.92977057055 39732.52318451604 34964.526611585716 39879.92945299084 25609.494975886533 34391.96802056354 36669.59718529605 35794.42154931616 25833.625563056987 31918.325470293476 35545.0964783869 34110.97047759085 25362.436031067744 33750.17110962712 34998.34472731001 36640.86156060734 24880.157301919273 27732.177912584884 31146.753483787008 38504.225380058386 35848.4907282418 36187.70793913228 32013.126214986158 34862.55698229571 36396.21823490555 36415.367620823454 41975.158809185086 29491.194904897435 32567.191020135513 37838.07852945352 38212.118702603184 31546.721239094964 35843.657185032884 39657.24518060392 24807.591887018443 25617.765862280976 38191.00198305384 28131.117357475894 29291.621743379543 32362.662785787725 37232.56334179427 31198.55944539484 25992.28857452465 32792.61395293091 29149.770728503136 36392.323902151955 30477.19768433136
19.0 26044.202733569713 29472.03064855734 27812.93402522697 25224.472850111684 27072.621136151552 22722.5670975034 22141.049617677487 19152.248454204477 20913.551693448666 21841.32933078707 16712.491385830355 13613.128248112444 18272.10469473037 20974.32209103874 31965.87588149977 19713.451660213075 21627.428519935784 33070.714461715594 0.0 26810.63219772667 22959.272096092798 12472.252929808345 27337.518761699277 17024.946548794545 29072.86051393072 19043.751884909914 21952.864977597827 18919.328235874105 30744.865048614578 19190.26390845632 25337.448880152813 20996.75775340548 28131.04482809105 17263.772336110425 19722.227845083322 19837.012983954915 25020.357015126738 19335.752498469155 19432.47398700688 19758.642203806347 15263.121898579195 16332.084016552275 18990.465807411623 18178.84156581686 30528.979698659787 29007.44612158687 19395.265384026494 16908.616077775565 18120.062149560235 27123.455379928946 17240.575182880224 29498.3121406102 24819.993730167593 20835.897176364768 20658.701592006262 20361.338054039807 20069.12836630682 11883.157115797105 13459.661267342952 16384.439137233996 20052.472351113418 20658.213342522464 18392.53978748902 19479.39931116829 23765.997109787942 24268.674091866626 14758.759566097573 19668.60526395403 15111.110017045161 19469.49198057704 28681.592053312976 22770.8778839184
20.0 29361.09888063035 32850.96350181717 30631.5872060996 32438.956111883548 35662.94001442856 34315.02045558496 32451.65806679282 26651.35586957794 32989.58250538885 24239.647268408953 28288.855541500387 25121.104103296453 20769.51579692951 23636.384280172613 34877.46171359048 30190.32740355648 25618.162773703094 34842.85687386096 26810.63219772667 0.0 33136.78516811301 30318.903017369983 33360.34757300184 26839.589974519924 29571.61936814955 26401.695357012315 33795.59020479345 29273.818056370263 31690.17146964818 21156.159492368737 25275.71605597766 30091.26708238422 28979.7527178324 19379.823720572986 26664.87724864738 28823.179026974794 27369.831920308192 22363.71652373617 26864.184438161763 28233.625024929293 30504.18155305705 18527.133921793888 19341.14669905159 23973.792790158703 34408.13884756755 27176.93654450903 30349.170126615412 26078.026494027654 29054.653779335524 28176.19557743398 30374.25797297735 36708.896415358555 27346.274417972272 24915.11137449655 31961.37872224141 31677.692589304992 23807.339749444924 29582.92601782805 33410.27933825507 18495.418022663056 23254.624402072837 32280.677244254108 20786.95289489216 20708.952935496738 25899.66279195121 31855.404713727134 25065.221668806946 21327.382524446046 26659.861439917804 20035.730044161915 26636.63277907866 20164.956655188438
21.0 32973.29012036871 36415.14414220756 34100.36899885147 29761.727504795985 34514.64804100673 32007.700678985577 31285.757656561065 27046.36019853659 30796.182304043083 28620.648654704975 26438.900204808713 23293.634325485647 24442.767123018057 26957.614729413348 38834.20039831393 28945.917950467046 28633.097653666387 39745.942425898465 22959.272096092798 33136.78516811301 0.0 26640.67536434938 34794.78015359191 18535.889778916666 35659.082303152085 26831.714389684785 31816.138661112993 28120.88200014605 37135.275716142336 25732.683254868563 31660.062823241315 25762.397400128128 34712.80399985402 23557.902701883915 27457.0849650795 22599.12969583345 31242.811061407017 26155.11244580347 23811.559577938817 24002.182421905905 27460.604521961024 22637.037272566213 25205.388137509097 23345.561312632854 37560.23093576681 35442.350576859644 28789.15963124588 24925.469553342627 27545.597226248567 33496.24187568949 27899.385776761555 37344.68118895464 31632.678276994302 26520.97381546092 30233.118302476374 23214.221055754148 25794.843670999056 25809.707614296727 29674.850200275327 22701.775927514762 26946.90331512804 30405.79311239606 24491.09964506764 25708.00416770712 30057.120400867345 32212.261870264323 22800.14904453174 26177.26140594733 24010.819229902565 25559.816153978638 35099.01555797306 29172.097901663954
22.0 29475.254162653193 32903.603400132095 31380.94255327165 28858.477270880816 30275.05714050871 25512.61666079649 25495.837925950167 22458.624756853584 23769.39584551745 25304.658542794212 19941.27131721684 16815.923494289764 21841.033418245806 24477.496123458834 35404.025537456895 23104.558690818325 25040.12654168938 36549.92857724505 12472.252929808345 30318.903017369983 26640.67536434938 0.0 30694.377301716937 20594.326308827505 32552.84384660948 22343.518367149623 25114.36600024056 22358.459277478963 34218.48707545966 22700.438494449823 28823.45236587248 24402.78217924115 31595.8401701669 20815.597086197453 23051.571953262064 23542.555401970523 28582.90598892345 22804.80110398344 22968.375218409274 23491.394939286867 17794.94786589109 19884.06424363333 22530.275589035802 21775.51769481419 33951.69042835408 32507.249548159754 22624.542070637566 20053.429245200114 21458.425739870756 30597.479741422183 20067.341965976895 32825.2635847436 28274.26641380017 24354.265575745696 23879.305371116352 24146.069606448815 23602.37389179752 17381.506887791867 19797.37457576675 19933.575098127047 23506.024617173563 23868.60311408547 21960.463387014523 22965.905107888924 27318.421068303614 27576.9889305872 17782.247771600938 23181.617987872578 17890.997743692038 23002.883502467746 32172.659651355192 26265.320583540488
23.0 30192.21905885493 33577.254660113955 35061.247396360384 35184.82727623127 34927.53626109954 33850.97369437531 31160.63865678091 23301.28030264467 32432.490201394372 26788.341389991474 27513.1118277599 24320.984288188367 25735.02705765397 28364.68111861278 36382.14498375169 28991.034489586804 25359.37097204279 38454.04238780526 27337.518761699277 33360.34757300184 34794.78015359191 30694.377301716937 0.0 28408.454825473702 34696.532443700606 22800.11316171939 33107.54774025545 28053.43198436512 36940.150601996895 25237.596634175912 31775.285318060378 31353.108904304696 33676.348952545435 24299.234942164454 22453.86713864612 30959.950793035696 32314.541166810457 24308.503169076896 29140.26535768663 30641.18735127398 30537.969307151357 23349.18315958956 26061.92079424303 27343.883345128346 34243.91854590207 35209.17036399494 29329.45559631903 24906.925675796818 28041.29688054532 33376.263435508416 30022.55626570018 33221.30420862674 29572.78805960768 28889.442686651335 31084.028182374233 33140.19304605261 28098.513550035932 30155.066948728458 33903.322769784645 23344.400620100132 24631.033040722345 31520.049544922527 25974.73348133313 26191.017446521986 30814.131192287838 28658.268156523074 24750.431659992093 25819.671586588054 26445.042738908123 26761.35521418068 34867.643709889206 29024.40650371782
24.0 26625.977154181317 30071.36872967809 27930.44948529368 23629.088042660736 27907.809961787792 25596.706565691144 25032.09528344028 20659.31025313255 24492.792975686752 22312.966643399304 20199.278679844454 17042.94430550985 18260.03667253801 20560.172183498194 32490.254934687375 22712.552486497683 22263.421789929576 33453.25700187675 17024.946548794545 26839.589974519924 18535.889778916666 20594.326308827505 28408.454825473702 0.0 29350.74989601843 20425.334874441585 25572.28235310819 21902.618016626097 30766.814602406346 19482.885109353232 25305.886860293416 18138.43680842859 28368.588136504924 17356.109338042155 21073.34689653625 17481.224450963782 25053.61770411263 19866.12243035443 17012.309746291223 18512.048027252997 21347.439393421857 16437.12930495038 18962.6673462546 17095.681847986612 31214.147852294886 29148.195485205924 22517.754878861826 18416.470887442476 21311.831917415737 27124.390928081797 21680.896317573694 30970.766460103405 25311.932456497983 20085.280538730505 23977.190858741793 18912.559045800834 19422.946408342134 19937.002038365303 23745.24394273355 16497.70144974854 20638.804808356523 24163.18990853778 18295.467523907348 19331.227830575015 23856.16339308516 25832.368586904802 16190.402431736835 19927.642553915324 17512.735576188286 19275.60982248486 28780.104327692054 22857.671615311505
25.0 29423.29293094349 32935.94589513027 33214.69905762716 35227.018200782906 37685.6352486563 36388.20676691148 34309.260774141825 28230.64554726763 35035.464074024814 23547.7568967027 30273.432340432886 27102.42613748867 23776.970114779662 27124.370027063953 34570.00663627507 32060.86991713443 26361.241571994855 33917.67341932483 29072.86051393072 29571.61936814955 35659.082303152085 32552.84384660948 34696.532443700606 29350.74989601843 0.0 27993.31649106206 35802.652785429294 31123.363695352073 34569.767079648314 22771.926340409704 29087.52768867222 32544.480032386884 29552.115336341216 22093.66792138325 28152.24730091721 31448.13914949532 30258.392360366895 23238.23384116074 29562.33883533624 30909.168585475112 32665.050417115606 21178.739952577605 23438.858297581002 26945.69777688414 34882.492893569295 29701.224321225425 32284.381296977972 28025.908947698266 30976.53171381543 31162.51025208936 32456.88013558129 38222.44135553209 26479.12447091745 28146.481458107584 33925.48605535197 34149.45468890811 27138.879441444136 31850.79005200607 35663.91419141264 21122.15274680376 23674.02800142632 34269.78110301146 24058.73386288109 24331.824037485414 28619.071925253476 33436.90576893196 27176.736555596086 23010.361736088074 28786.990238430662 24589.220372155087 30266.68972778203 24465.896814515436
26.0 23926.386907496388 27335.082377447863 28017.943437047834 27500.505795382174 26323.812870644862 25160.57952469193 22460.532794627445 12330.12258210682 23734.10383041916 20294.656714203644 18835.60759388502 15622.20134373819 18625.59933297986 21105.224605910735 30023.72292735664 20371.270969672507 19189.52852711951 31839.92977057055 19043.751884909914 26401.695357012315 26831.714389684785 22343.518367149623 22800.11316171939 20425.334874441585 27993.31649106206 0.0 24431.16177730154 19563.130458036925 29985.28492504672 18461.56192849554 24779.823465000263 23306.45648700039 26942.13576543525 17290.344421430116 13323.944470127208 23124.27933187887 25245.494589801317 17800.85948091544 21365.58094324109 22874.338280275395 22080.761355494033 16346.559166894753 19012.009536651087 19794.67190736783 28150.27595655791 28350.821197093006 20552.54395083742 15877.636204889615 19381.49587863544 26401.001108098244 21427.30983407674 23728.88211589731 23130.176309092814 21478.37696510408 22365.647437076976 25119.655069922264 20729.217375074146 21885.757526061658 25603.485146268154 16354.110587499152 18240.569291923166 22837.96733267544 18824.993867326575 19098.5295089024 23802.448311926804 18258.56642854706 16138.028895565065 19015.88391617278 17856.758828543425 19620.240845401295 27985.553399280005 22128.862203506527
27.0 32393.562233932797 35809.93010991502 35047.762965614034 33301.80885531681 33153.975858796024 28134.395202035375 25609.789969560596 24393.88519208728 24543.86148233429 28381.508627915897 16372.164185392172 13187.452581450365 25565.93326925963 28141.56159831694 38379.750030649855 23308.305717567397 27882.83034954929 39732.52318451604 21952.864977597827 33795.59020479345 31816.138661112993 25114.36600024056 33107.54774025545 25572.28235310819 35802.652785429294 24431.16177730154 0.0 22990.367315193485 37591.76893399465 26043.680906674574 32259.711503348666 28832.65123421751 34825.274624610145 24424.81635553338 25167.718362831183 28408.949368813584 32262.17633169663 25858.25378731288 27283.868221898425 28255.542810720475 23673.68225490638 23488.294204829246 26146.801098147727 25965.625708645697 36773.83126994986 35898.20947056025 21069.30205728254 22384.644017440296 20651.04054714534 33983.09503673445 21467.557378232876 34804.53374301061 31312.254197248585 28191.98265549644 21229.120609745223 29742.179479834616 27447.72732365198 24754.292465813734 28365.190029965484 23522.369304054577 26475.00886610124 19685.670834900062 25716.22851212819 26461.679654286498 30931.068204745483 29442.716673831215 21030.002696174513 26554.143469385024 21669.594842036528 26670.0219214479 35557.24364882031 29666.78353149721
28.0 27516.772381630857 30911.47875868124 30548.628859905504 29313.713279731066 29475.363054191097 26030.67027147075 17774.888616749962 19270.338435540878 23697.284662877173 23546.322576345097 16811.552345882203 13805.158809216211 21124.326907461655 23827.09075537369 33544.3786578198 14300.563206861816 23013.30450800701 34964.526611585716 18919.328235874105 29273.818056370263 28120.88200014605 22358.459277478963 28053.43198436512 21902.618016626097 31123.363695352073 19563.130458036925 22990.367315193485 0.0 33088.115844877575 21350.560303347207 27775.983468590464 25186.789535815296 30191.823928085076 19907.078184852573 19974.20944185728 24563.51095285546 27789.801039395086 20953.38669062454 23373.02372280547 24332.398812070303 21678.555343211585 18964.704928905285 21673.209124123066 21865.98085309587 31803.119376925606 31309.501028318802 18633.024054879796 18899.11774762899 15473.10537262485 29491.56335032978 20903.171445011678 29443.104160162035 26471.678694414048 23985.083926037358 20369.371926083877 26117.215732869678 23210.87285557931 21526.78594901239 25334.77503942021 18990.02299336357 21531.832919619425 20997.159270199176 21308.22176714464 22039.357290529686 26415.34987773271 24208.54515641074 18012.96045627158 21887.6025961923 19063.207911804195 22268.695448775183 30995.861651418105 25111.452964446362
29.0 32981.44731496795 36574.72854256647 36036.163052842225 36609.56411453038 39189.85511887235 38058.26636471033 36238.306234512645 30289.53842846757 36763.868545800695 28808.0708205923 32085.982726698327 28912.20053825309 26283.120020101967 26705.717749195093 38504.14104760325 33990.88135737726 28867.30549995166 39879.92945299084 30744.865048614578 31690.17146964818 37135.275716142336 34218.48707545966 36940.150601996895 30766.814602406346 34569.767079648314 29985.28492504672 37591.76893399465 33088.115844877575 0.0 26622.878036417664 25569.65440468301 33860.70876523857 31192.539036626615 25026.00689883855 30303.544050164084 32935.51268416446 32940.43858507434 27103.272581419245 30738.66956829936 32450.166928886036 34370.58776444604 24137.50622843727 25856.59709384937 28231.89925049815 38157.895987871074 34210.544242679025 34125.21489588715 29675.90189271188 32853.81006237172 16942.46459337348 34189.78809358712 40382.56269530236 31578.88147940779 28593.983210171846 35748.51565499883 35689.117765118644 27738.523416549644 33539.307684485 37346.44941612229 24133.270539754976 27714.54800976205 36076.40822759715 26279.858275435494 21776.636239986947 31539.75995777725 35511.42119107439 28743.887688791892 26949.72765667255 30401.447871161705 25737.628017056235 32392.088508689965 26749.75307974528
