Data/CircuitscapeOutput/CurrentDensity_Blue.asc
ncols         600
nrows         600
xllcorner     4.75000481326669e6
yllcorner     4.02000353357911e6
cellsize      100.0
NODATA_value  -9999.0
[rows 400 to 424 of 600, columns 171 to 227 of 600]
1.31868101 1.34488885 1.37810163 1.41772776 1.46149374 1.5081647 1.56037908 1.61970372 1.68657831 1.76132598 1.84174423 1.91042989 1.96096231 2.00667114 2.04963888 2.07948806 2.0651484 2.02146982 1.97073736 1.92763294 1.89474605 1.87300254 1.86424441 1.87277081 1.90870137 1.99742038 2.21518317 2.7081975 3.73300329 6.14652398 6.82161974 7.0513185 7.23781439 7.40845488 7.59077326 7.56062871 7.00971194 7.75894835 8.52195469 7.76840308 6.98149212 6.90111624 5.91902476 5.26209071 4.81780273 4.4773036 4.24783913 4.12812099 4.07684536 4.01436211 4.14122652 4.60093312 5.88021338 8.59737221 6.20205349 8.24522945 9.91494206
1.28492301 1.30557487 1.33388861 1.36858668 1.4075188 1.45129641 1.50159964 1.55928699 1.62462079 1.69723289 1.77300496 1.83344004 1.87667479 1.91728041 1.9588917 1.99849484 2.02608562 2.01608955 1.97313801 1.92752384 1.88967469 1.86246349 1.84756425 1.84842606 1.87358384 1.94517553 2.12715985 2.54601847 3.48980431 5.74363008 6.48668836 6.75343832 6.8527578 6.9151235 7.10396913 7.06271599 5.48846757 5.35249776 6.12242464 7.7788739 8.81361648 8.84813382 10.91512567 9.09893367 7.39752764 7.08675724 7.02276401 6.32679924 5.12618661 4.45397903 4.21939583 4.33923713 5.00323117 8.9961586 11.57408806 7.24709162 6.07398469
1.26225914 1.27605171 1.2984763 1.32794739 1.36305717 1.40432169 1.45282962 1.50916341 1.57331746 1.6443812 1.71462423 1.76754213 1.806463 1.84270436 1.8792597 1.9150004 1.94643758 1.96535364 1.95921029 1.92364874 1.88588496 1.85516102 1.83548846 1.83006344 1.84625314 1.90278512 2.05334499 2.40011483 3.0756453 5.19946157 6.22867761 6.67939332 6.65407355 6.27205865 6.45951076 7.00880689 5.41532546 4.75541983 4.39332112 4.3920843 4.61691337 5.03970663 5.31337487 6.69310049 6.95301477 6.67872922 6.35936152 5.94320695 5.25219616 4.55393489 4.13179197 4.01013426 4.32285182 6.73976787 13.0347047 5.872827 4.90321891
1.25285181 1.25767323 1.2731627 1.29729574 1.32863072 1.36742703 1.41442375 1.46968179 1.53285851 1.60241826 1.66887047 1.71474985 1.75050832 1.78351065 1.81558031 1.84627585 1.87412573 1.89769608 1.91096448 1.90267341 1.87792513 1.85044526 1.8305742 1.8221649 1.83304703 1.8804372 2.01109991 2.324835 2.90943716 3.41619367 4.69756879 6.87117773 6.45612117 6.13887086 4.19147884 4.90778896 5.52727792 4.81319187 3.9698449 3.43781336 3.2881211 3.29604433 3.52589222 4.00328823 4.38411267 4.47807993 4.51648087 4.64605309 4.6275982 4.29253634 3.91802665 3.71282646 4.07114216 6.58314159 5.62430035 5.23841062 4.45923763
1.26158732 1.25403429 1.26063219 1.27849331 1.30568707 1.34209281 1.38773873 1.44195841 1.50398543 1.57160028 1.63404129 1.67586192 1.70953216 1.73983653 1.76785243 1.79382891 1.81720619 1.83780264 1.85504387 1.86516535 1.86021739 1.84583611 1.83418075 1.83105488 1.84540295 1.8955985 2.01719435 2.27106685 2.65647016 3.12258949 4.0667775 6.57367886 6.67096637 4.21439154 4.29000903 4.311796 4.65706961 4.98372631 4.28396429 3.66593426 3.4136493 3.30981289 3.27948867 3.28562006 3.35670264 3.46395061 3.62594417 3.88799589 4.09824421 4.02940709 3.75902861 3.58256716 4.25214892 6.47593615 5.20042541 4.25360215 4.17261734
1.29933568 1.27265063 1.26542839 1.27504161 1.29766176 1.33150863 1.37533044 1.42778179 1.48811369 1.55325936 1.61035981 1.65118643 1.68420261 1.71232834 1.73649751 1.75778522 1.776852 1.79422658 1.81024778 1.82439207 1.83468187 1.839478 1.84601684 1.86035278 1.89005347 1.95384664 2.07876008 2.25591297 2.48275617 2.93042416 3.70836378 6.19177636 6.63510691 4.21225039 4.00752445 4.06773087 4.29257059 5.00108255 5.06320398 4.81650875 4.82950641 4.66731536 4.07698126 3.56296002 3.33556692 3.30132119 3.3964747 3.59723786 3.83422175 3.97497928 3.95080414 3.88701087 5.33529052 10.69984455 5.11376525 4.26713124 4.02538755
1.3933417 1.32703981 1.2968577 1.29432128 1.31034406 1.3403039 1.38094666 1.42991009 1.48664872 1.5496923 1.60094049 1.64182984 1.67559762 1.70238772 1.72277243 1.73902714 1.75371355 1.76837106 1.78344695 1.79883021 1.81463937 1.83353222 1.863628 1.91200266 1.97679146 2.06896626 2.21970161 2.4248367 2.67845962 3.1253603 3.85405495 4.40966124 4.84495048 4.65714512 3.92549204 3.64708822 3.74068904 4.45094739 5.46943556 5.52227222 5.5513436 5.85023811 5.61764195 4.29159865 3.69670631 3.50718834 3.52158479 3.66623539 3.86713361 4.0294223 4.22762407 5.50138254 9.26357012 5.62090704 4.71262539 4.2202067 3.96275179
1.60281802 1.44924084 1.37374666 1.35042606 1.35552223 1.37731231 1.4096127 1.45041127 1.49967769 1.55625273 1.60559848 1.64846818 1.68499936 1.71230273 1.72937934 1.73988645 1.74984953 1.76259185 1.77829777 1.79590181 1.81477484 1.8386276 1.88284619 1.96493742 2.08636634 2.23130992 2.42932134 2.69235893 2.90914016 3.22527488 3.64896433 4.40503822 4.70739619 4.34374935 3.85444458 3.42115708 3.24047837 3.37537091 3.69063281 3.93067451 4.08420762 4.48322028 5.02421735 4.51987244 3.92910641 3.68391092 3.67549155 3.81929688 4.02657495 4.27368146 4.72192458 8.5271897 5.61168363 4.15249275 4.07214904 3.96086502 3.81913406
2.15103279 1.75446037 1.5562724 1.4791701 1.45349056 1.45203234 1.46464275 1.48929197 1.52620989 1.57341408 1.62178291 1.67014978 1.71437507 1.74643185 1.76174201 1.76560148 1.77067901 1.78374457 1.80377543 1.82743681 1.85170026 1.87690879 1.91691653 2.01033182 2.19624824 2.45531676 2.74573668 3.03694161 3.05230428 3.14521973 3.53903143 3.61617708 6.11850062 5.76169185 3.69685982 3.26915034 2.87501175 2.68340212 2.65946211 2.74973472 2.89944719 3.19589691 3.69618282 3.96230107 3.79774132 3.66271387 3.7078086 3.93510472 4.37106022 4.75160874 7.1644349 6.29056065 3.88323278 3.62083494 3.69892599 3.70026346 3.64812862
3.28241894 2.60301448 2.02760033 1.72846135 1.6124012 1.56061023 1.53955485 1.54020852 1.56025144 1.59692698 1.64476295 1.70300818 1.76399415 1.81214034 1.83139539 1.82780757 1.82980967 1.85151283 1.88651956 1.92571686 1.96295884 1.99533433 2.02789269 2.09181198 2.26539024 2.66579445 3.28909867 3.40324721 3.31470627 3.19897233 3.1171526 5.36065793 5.69422327 5.69165331 3.75648866 3.1624534 2.67677938 2.37402941 2.28407649 2.31247097 2.42780682 2.63537142 2.92814663 3.22994266 3.36729979 3.41729495 3.53550858 3.81434215 4.37598522 6.19383499 10.03890624 4.09309289 3.58615694 3.39992902 3.43040916 3.48828481 3.50058548
3.35102239 3.65441635 2.69284077 2.03425699 1.79310765 1.67855845 1.61935679 1.59287621 1.5926493 1.61666073 1.66406656 1.73598426 1.82622162 1.91472157 1.96129921 1.95625904 1.97290954 2.03616153 2.11623962 2.19516335 2.26634379 2.32567509 2.36982316 2.40969858 2.50955494 2.81315972 3.40971195 4.88140748 4.81549497 4.68968312 4.82599272 5.19926011 5.75817053 5.66674133 3.73882887 3.14119337 2.62256807 2.27121606 2.14846032 2.14498166 2.22141984 2.36276255 2.55171902 2.76032665 2.92912583 3.05012308 3.182844 3.38570819 3.73866084 4.08424278 3.61847857 4.30178764 3.53295855 3.3333567 3.29692459 3.33250161 3.37390701
2.34978981 2.94159802 2.82971237 2.24292484 1.93306218 1.77728486 1.68871936 1.63848197 1.61680902 1.62480859 1.67007662 1.75640042 1.8836149 2.04594192 2.1890998 2.24735151 2.407448 2.63128739 2.83693163 3.02898401 3.20948062 3.37729978 3.52351611 3.62368727 3.62050488 3.6303869 3.73608743 4.84603349 5.13346284 5.18341277 5.29231055 5.51019914 5.84450478 5.95695595 3.91208006 3.23414542 2.60632838 2.24689138 2.10470945 2.08097807 2.12443436 2.21594525 2.3449769 2.48977265 2.62179923 2.73103529 2.83034421 2.93213362 3.00632374 2.93390441 3.04667731 3.35325431 3.36877207 3.25247342 3.21682188 3.2380837 3.28442782
1.79243847 2.05725307 2.29646993 2.17921848 1.9647588 1.82662158 1.73613281 1.67359955 1.63519513 1.62358608 1.65986064 1.75712122 1.91777539 2.16628882 2.54141912 3.00264913 3.62151507 4.02829667 4.37980242 4.70677189 5.03043065 5.35944049 5.69057525 6.00244018 6.23476154 5.72368254 4.31520533 5.08587152 5.30206062 5.42118137 5.55181821 5.72708693 5.93803814 5.97310037 5.52433676 3.26301593 2.65175105 2.28887263 2.12102505 2.07007804 2.08274616 2.14012754 2.22935824 2.33119173 2.42639183 2.50667597 2.5702321 2.6169524 2.63625466 2.67190703 2.80703433 2.9895017 3.10245061 3.12863731 3.13869902 3.16960923 3.22251849
1.66964729 1.69474941 1.81490463 1.89665371 1.87004569 1.81004138 1.75756301 1.7124221 1.66439358 1.6294429 1.64726713 1.75203949 1.95322394 2.2793901 2.94205659 4.4905853 4.56959717 4.64935046 4.63609885 4.58670663 4.52019562 4.44753077 4.37923923 4.34074527 4.4573874 5.28713864 6.36594444 5.53475028 5.59920587 5.67483866 5.79510445 5.93236392 6.06505187 6.17756727 5.80054244 3.65092501 2.85784565 2.41691005 2.18184263 2.09676944 2.08187463 2.11191354 2.17140692 2.24338095 2.31074727 2.365601 2.4084753 2.44056296 2.4762934 2.54313261 2.65613951 2.79262281 2.91092139 2.99194116 3.04971156 3.1061832 3.17204644
1.71975816 1.63660839 1.64321882 1.69648402 1.73887413 1.76412542 1.77627154 1.76989882 1.72495016 1.66250668 1.66698343 1.8001349 2.06303495 2.54585593 3.65661893 3.53321296 3.18629462 3.04171321 2.99137354 2.9432545 2.88867882 2.83201129 2.78815251 2.80154164 2.99594815 3.45720223 4.42252465 5.77878354 5.90609474 5.96365331 6.04688589 6.15402877 6.26052595 6.39783643 6.31182602 3.97319095 3.13146211 2.5443468 2.23899033 2.12450183 2.0920659 2.10459874 2.14666192 2.20110641 2.25096935 2.28895386 2.32137294 2.3544732 2.39983596 2.4696736 2.56626236 2.67875707 2.78948604 2.88628109 2.96929704 3.04644573 3.12651699
1.82757417 1.68707216 1.6177117 1.62733265 1.66482349 1.71846472 1.79112448 1.86291522 1.86151858 1.76698573 1.80885237 2.06585021 2.47672151 3.16135782 3.69736747 2.71471978 2.33437879 2.18109841 2.13047603 2.11393183 2.10296112 2.09659878 2.1045936 2.14926057 2.25256576 2.43654407 2.86150729 3.37960634 5.80044273 6.2183967 6.32861463 6.4004197 6.46889881 6.52119991 6.38770704 5.7025747 3.30756384 2.65605517 2.29222708 2.14903647 2.10217301 2.10109539 2.13014518 2.17756506 2.22329947 2.25538851 2.28406858 2.3183829 2.36629158 2.43347483 2.51948848 2.61842992 2.72125808 2.82035261 2.91289642 3.00120581 3.09061391
1.91048145 1.76209581 1.65859229 1.63220222 1.65007128 1.70162107 1.80717064 1.96999396 2.15316304 2.11472592 2.53240608 3.07243249 3.45990723 4.07120322 2.94420165 2.33295497 2.05961763 1.90818873 1.84845391 1.82599768 1.81650675 1.81520162 1.82429131 1.84917981 1.90367282 2.01065189 2.26548105 2.75683776 3.12368792 6.06489829 6.60332596 6.70079573 6.70392499 6.65797859 6.5362072 5.93767182 3.67796822 2.77802693 2.34356743 2.16960968 2.10788131 2.09580995 2.11415548 2.15389357 2.20408596 2.24317705 2.27427176 2.31131362 2.36083956 2.4263853 2.50703779 2.59862775 2.69538655 2.792441 2.88668847 2.97884821 3.07280063
1.97238257 1.83645195 1.75650246 1.72990614 1.73383773 1.77039801 1.88183699 2.09468167 2.43476064 3.27342481 4.62735474 4.5163584 4.31578147 3.29075193 2.4736686 2.13816398 1.95038124 1.82469975 1.74548551 1.71121214 1.6939882 1.68597763 1.68594879 1.69665371 1.72307751 1.78775334 1.95927789 2.25203245 2.60976548 3.44687862 6.55295888 7.03838645 7.00248219 6.88727921 6.77904363 6.22238567 3.85856057 2.89923678 2.3952519 2.18547249 2.10876425 2.08688374 2.09677205 2.12884759 2.17212436 2.21494644 2.25916112 2.31014251 2.36691502 2.43531657 2.51687972 2.60784276 2.70290064 2.79872405 2.89240816 2.98512783 3.08157942
2.15096855 2.02821115 1.95943872 1.95829736 1.96674618 1.98313808 2.08809309 2.36602483 2.98396469 5.36142846 3.82970547 3.1963432 2.75995944 2.40833428 2.18597511 2.01446346 1.88576763 1.78624512 1.71200261 1.66601823 1.64022874 1.62362886 1.61415957 1.61325095 1.62444922 1.66092744 1.74844721 1.92516558 2.22463283 2.79743261 4.12188541 7.08508994 7.23987687 7.13372644 7.07329778 6.53300456 4.04284798 3.01358978 2.44868539 2.1975438 2.10685406 2.07882861 2.08144533 2.1031224 2.13493552 2.17392413 2.22253002 2.28196807 2.35162076 2.43161124 2.5224477 2.6210439 2.72114627 2.82178563 2.92204947 3.01919022 3.11668369
2.35038991 2.20521285 2.18540619 2.2893934 2.30337318 2.21253373 2.2548958 2.63937117 3.97033067 3.63837685 2.54735929 2.16826677 1.98097015 1.9545992 1.95963028 1.90376973 1.82860803 1.75804379 1.69853905 1.65458995 1.62235599 1.59839759 1.58068425 1.56977536 1.56995337 1.5874942 1.63522434 1.73949563 1.96027636 2.36311528 3.25813859 6.45042533 7.32301529 7.39427124 7.37714421 6.89233206 4.24237176 3.14555317 2.51960024 2.22545082 2.11918543 2.08200601 2.0747743 2.08552543 2.10805733 2.14306899 2.19095791 2.25249856 2.32737375 2.41408383 2.51123743 2.61636159 2.72386856 2.83334486 2.94548446 3.05249899 3.1526485
3.08375562 2.39865935 2.35274461 2.36370433 2.58020322 2.32624848 2.51000754 2.9462825 3.51583281 2.43275608 2.05936655 1.8674438 1.76847866 1.77171683 1.80536021 1.80689263 1.77525432 1.73145285 1.68945339 1.65475037 1.62517185 1.59641227 1.57022338 1.55145554 1.54319352 1.54939905 1.57815965 1.64978191 1.80180359 2.10008974 2.80433073 4.42908594 7.33414172 7.51991987 7.56275602 7.4416713 4.60675614 3.29910547 2.60269151 2.30334368 2.17244695 2.11067422 2.08516452 2.08540636 2.10334334 2.13589929 2.18397405 2.24756812 2.3227062 2.40533783 2.49460872 2.59147929 2.69671223 2.80938247 2.92757047 3.04471741 3.15570555
5.28444654 4.74187133 2.99758148 2.77664063 3.03152972 4.61845282 4.61186313 4.26878596 2.84998554 2.2033408 1.94757581 1.81844181 1.73383307 1.71154444 1.72828247 1.7394957 1.73041303 1.7075815 1.68089733 1.65693126 1.63508223 1.60668721 1.57437124 1.55018598 1.536692 1.53688733 1.55728749 1.61103433 1.7242837 1.96883446 2.50380277 3.86998751 6.68348965 7.3849645 7.50879647 7.37558698 6.45024834 3.50446259 2.80391303 2.43575602 2.24399077 2.14812289 2.10932274 2.10878404 2.12932392 2.16265246 2.21482162 2.28291612 2.3560756 2.42823095 2.50145154 2.58070089 2.66876797 2.76629528 2.87258587 2.98555261 3.09902758
5.09642605 5.11624896 5.27823235 5.01483943 5.38394161 4.77002886 4.59284326 4.1382704 2.74600676 2.2367825 1.98215352 1.84341553 1.75685096 1.71501035 1.7076196 1.70983189 1.70568814 1.69317338 1.67708313 1.66217508 1.64841929 1.6238635 1.589532 1.56236137 1.54510796 1.54058664 1.55436836 1.59607865 1.68466724 1.86866998 2.25566019 3.16309208 6.21883667 7.24621817 7.50910204 7.41815149 6.69011474 3.80922196 2.95116028 2.53045692 2.29553163 2.18298228 2.14406185 2.16074289 2.20071134 2.24474414 2.30883676 2.38224339 2.44245695 2.48958294 2.53574819 2.58980744 2.65582424 2.73464896 2.82587237 2.92778573 3.03139663
4.66925212 4.84147975 4.74927284 4.8688461 3.33769884 2.93428719 2.56470966 2.45355025 2.67583016 2.27915103 2.03059582 1.88538107 1.79390582 1.73922747 1.71619366 1.70834986 1.70145158 1.69194145 1.68168343 1.67319263 1.66598966 1.64666398 1.61279515 1.58256554 1.56054954 1.54926948 1.55672019 1.58998933 1.66396231 1.81608053 2.1427505 2.9027002 4.03440693 7.23561065 7.64892599 7.62651684 6.96105647 4.09874134 3.03923263 2.61290603 2.35531345 2.23153831 2.19654888 2.25206678 2.35485458 2.44273864 2.53570164 2.58983624 2.59274067 2.58569887 2.59014435 2.61288636 2.65493094 2.71551238 2.79289396 2.88325416 2.97268851
4.02818579 4.16498577 4.15016096 2.6289854 2.85397843 2.56626789 2.31576814 2.2871677 2.33785553 2.18752068 2.02578901 1.90363475 1.818217 1.76207595 1.73136415 1.71871594 1.71193726 1.702906 1.69578438 1.69242514 1.68980208 1.67610991 1.64080796 1.60192491 1.57304585 1.55743457 1.55886972 1.58454099 1.64908637 1.78798838 2.08979605 2.70472512 4.03229704 5.01719702 7.60668694 7.68008594 7.19235266 4.33929428 3.31133708 2.8474165 2.55365848 2.39962797 2.33130221 2.41181557 2.66696859 2.93372952 3.03381387 2.91128206 2.77818813 2.69148424 2.64659101 2.63731238 2.65778598 2.7034056 2.77050518 2.85354421 2.93187841
