Data/CircuitscapeOutput/CurrentDensity_Blue.asc
ncols         600
nrows         600
xllcorner     4.75000481326669e6
yllcorner     4.02000353357911e6
cellsize      100.0
NODATA_value  -9999.0
[rows 550 to 574 of 600, columns 285 to 341 of 600]
1.28823156 1.35670519 1.47429385 1.63776683 1.6768931 1.63438553 1.55474706 1.49302716 1.44679212 1.41311149 1.39005909 1.37691925 1.37381244 1.37889003 1.3812001 1.3720101 1.36186423 1.35816779 1.36158663 1.37281957 1.39327086 1.42504401 1.47282098 1.54962832 1.64695313 2.08210377 2.66080127 3.76466996 2.74466274 1.49704464 1.19461055 1.12709636 1.1158164 1.16002503 1.25152446 1.34541202 1.37250547 1.4186232 1.43534634 1.38719607 1.3671133 1.32299029 1.28786899 1.2808826 1.29065706 1.30047737 1.30587056 1.31031776 1.31579254 1.31814402 1.31692734 1.32179471 1.33923827 1.37906263 1.46073324 1.63310567 2.04430545
1.32093201 1.35735373 1.45910397 1.76007093 1.93963314 1.72192673 1.59528787 1.51671443 1.46332088 1.42618933 1.40116259 1.38652345 1.3812451 1.3837325 1.38650953 1.38157779 1.37489194 1.37230924 1.37556798 1.38643176 1.40826103 1.44685167 1.51428007 1.64738925 2.04175179 2.16391302 1.96990515 2.1887648 4.91429092 2.09085432 1.36707938 1.21119635 1.16081042 1.20573142 1.35275625 1.59917712 1.82155919 2.16372371 2.34686502 1.90050836 1.59359418 1.40668421 1.33824014 1.3291778 1.33457068 1.33105253 1.32515687 1.32228852 1.32208713 1.32257221 1.3220488 1.32776354 1.34669026 1.38812143 1.47021674 1.64425246 2.07636613
1.41168469 1.41836473 1.47542775 2.16739195 2.09197738 1.74988591 1.61371931 1.530124 1.47301215 1.43322795 1.40654735 1.39048227 1.38332405 1.38319222 1.38553003 1.38479103 1.38280458 1.38284059 1.3862072 1.39374752 1.40793043 1.43487711 1.48882454 1.61629753 2.03764324 2.87896001 2.05802864 1.80656628 2.65304632 3.63174316 1.74829684 1.3114407 1.21141759 1.3072323 1.52809981 1.89631607 2.73625512 3.03359059 3.06926995 3.55350463 2.06515198 1.60926098 1.45265437 1.41890076 1.39032161 1.36627316 1.35056365 1.33956304 1.33271422 1.32926045 1.32809856 1.3345771 1.35552192 1.39985219 1.48529022 1.65860201 2.00207115
1.55262867 1.62974572 1.65839352 2.3915555 1.89171478 1.69355675 1.59724859 1.52491628 1.47074497 1.4318764 1.40564313 1.38970871 1.38235779 1.38167353 1.38320057 1.38391219 1.3859008 1.39013394 1.39646907 1.40436216 1.41420621 1.43046944 1.46732758 1.57229179 1.97453103 2.79795383 1.99693407 1.64429983 2.00159683 4.11780735 2.31774258 1.47140362 1.30912467 1.69223492 2.07063213 2.5341879 3.32185249 2.72102875 2.65153936 3.65079031 3.41047055 2.25079274 1.79781155 1.55852463 1.45469543 1.41093899 1.38286894 1.36313396 1.34781772 1.33766721 1.33279642 1.33523397 1.35184234 1.38830458 1.4538819 1.56022327 1.68131178
1.68686096 1.9678663 2.49429801 2.39636876 1.7336014 1.61505962 1.5522218 1.49670191 1.45269107 1.42026842 1.39816487 1.3848866 1.3794345 1.38002861 1.38111842 1.38238799 1.38780444 1.39719334 1.40966835 1.42425307 1.4393381 1.45600615 1.48454623 1.60539778 2.02560021 2.4502763 2.06163429 1.79330067 2.04299978 3.30474343 3.38264148 2.20013667 2.15990725 3.07845008 3.09001429 3.15564788 2.67482049 2.08057778 1.9633125 2.25509978 3.87916883 3.22803848 2.60117784 1.80065111 1.56868647 1.46882706 1.42769026 1.39543509 1.36831593 1.34726519 1.33388434 1.32740883 1.33264836 1.35100736 1.38120664 1.4144103 1.44503504
1.73826543 2.09449039 4.096202 2.44791457 1.74472301 1.57262572 1.49357896 1.44919778 1.42054567 1.3997985 1.38540882 1.3774804 1.37580891 1.37952023 1.38112577 1.38286565 1.39067423 1.40419416 1.42395647 1.45074771 1.48513879 1.52796661 1.58131875 1.7631888 2.56970254 2.63768185 2.77327562 2.85224453 2.81362292 2.97032577 4.12056947 6.09554303 6.19670687 4.12731642 3.49211964 2.90794684 2.06013954 1.70355465 1.53720164 1.57396333 1.85632344 2.38863877 2.71066317 2.51848476 1.70760148 1.58191872 1.49572204 1.43800119 1.39514318 1.35837821 1.33041757 1.31282398 1.3036809 1.30238605 1.30439226 1.30637264 1.31905886
1.63156097 1.9455387 1.25904605 1.57190613 1.64180531 1.51400935 1.44918561 1.41152961 1.38900821 1.3757575 1.36897309 1.36764597 1.37117695 1.3771061 1.38037374 1.384408 1.3932666 1.40802636 1.43033686 1.4632374 1.51177379 1.58667017 1.73634613 2.20685973 2.53555349 2.61834077 3.63419716 4.22824054 3.82094338 3.58858028 5.24224178 4.17475515 3.20344278 2.75262017 2.26161519 1.88692208 1.66229702 1.48137013 1.35167942 1.27739198 1.33170675 1.57329798 1.94474429 2.31379835 2.16001649 1.75739402 1.58093608 1.49375623 1.42198272 1.36495779 1.3239051 1.29669763 1.27618936 1.26098963 1.24964364 1.24366706 1.24958707
1.40685826 1.32026267 1.03498125 1.12175953 1.33080735 1.38152473 1.37455425 1.36223112 1.3532292 1.34927087 1.34984535 1.35455947 1.36305315 1.37163102 1.37682575 1.38299662 1.39288518 1.4075563 1.42825237 1.45794024 1.50458921 1.59012947 1.81641098 2.67369457 2.40840743 2.30091064 2.30791675 2.22511622 2.36564084 2.58379469 2.44078171 2.14662804 1.94997986 1.97963539 1.82569432 1.67021709 1.5221831 1.3921084 1.32877455 1.29636921 1.27754795 1.34759794 1.66559861 2.20459234 2.2975617 1.88676383 1.68667939 1.54744765 1.43978608 1.3655937 1.31541728 1.28191378 1.25709629 1.23534388 1.21924778 1.21063991 1.21163027
1.19634472 1.1064046 0.99747434 1.02273421 1.14417511 1.23858259 1.28332593 1.30318341 1.31388342 1.32196789 1.33022084 1.34007681 1.3525948 1.3631588 1.36980377 1.37796307 1.38941998 1.40470901 1.4236176 1.44679954 1.48018839 1.54657086 1.7952082 2.61490677 2.14562649 1.76528695 1.47731116 1.31787182 1.3530827 1.39416967 1.46972635 1.5486555 1.57266478 1.68855821 1.768534 1.77919683 1.59990016 1.43459411 1.42417039 1.51402631 1.53635357 1.6370406 1.85085236 3.05182598 1.96714228 1.83907534 1.75431394 1.55901173 1.43613668 1.35606518 1.30289219 1.26791361 1.24463783 1.22407062 1.2069438 1.19702638 1.19462558
1.07109094 1.0177278 0.97211654 0.98840836 1.06044437 1.14291866 1.2069081 1.24981902 1.27861084 1.29926418 1.31556223 1.33001631 1.34337768 1.3525926 1.35966232 1.36951678 1.38349541 1.40200779 1.42537154 1.45394833 1.48873145 1.53695424 1.75153127 2.35585101 1.94242233 1.43591371 1.19148406 1.08394307 1.06557715 1.09016096 1.16185896 1.30231316 1.39402982 1.50373204 1.70158155 2.00869406 2.17208403 1.72200428 1.63698536 1.89437946 2.51407683 2.75113207 3.29922811 3.07130883 1.86786259 1.66225487 1.57703737 1.48826658 1.396289 1.32883269 1.28204478 1.2518284 1.23416622 1.22146175 1.20755349 1.1977214 1.19348238
1.01341374 0.98187495 0.96359115 0.98008857 1.03074459 1.09833779 1.16341135 1.21657681 1.25709304 1.2873319 1.30991227 1.32708522 1.33903621 1.34530546 1.35114016 1.36093469 1.37588396 1.3968865 1.42522999 1.4626 1.51180882 1.59417466 1.87348713 2.09787459 1.57911102 1.25788319 1.09954511 1.01455724 0.98596189 0.99644778 1.04686768 1.13824723 1.23371191 1.34099965 1.51074919 1.82208067 2.43492022 2.30639739 2.13012633 2.29871324 2.08528182 2.22124551 2.8112624 1.9055473 1.65392139 1.46202953 1.40927305 1.37899664 1.3340802 1.2894011 1.25469467 1.23240055 1.22222988 1.21951616 1.21509796 1.20863805 1.20454924
0.99666596 0.97924708 0.97306268 0.99141295 1.03406908 1.09210559 1.15291894 1.20781153 1.25267915 1.28711213 1.31231516 1.32949193 1.33805069 1.34004135 1.3432206 1.35141749 1.36550663 1.38673381 1.41705035 1.45978319 1.5220651 1.64139667 1.99237654 1.93279138 1.43316795 1.18664951 1.0685816 0.99330034 0.95995508 0.95948699 0.98686506 1.03813549 1.10325428 1.18261592 1.29063166 1.46844788 1.86940954 2.38972091 2.28664253 1.93560269 1.61827282 1.69952648 2.21100333 1.72461494 1.44189297 1.34838408 1.30980303 1.29418232 1.27374338 1.24757657 1.22434222 1.2094775 1.20475247 1.20876715 1.21468929 1.21729377 1.21971244
1.01627816 0.99498164 0.98998418 1.01396823 1.05840217 1.11220859 1.16730967 1.21801482 1.25990615 1.29273737 1.31702647 1.33241008 1.33677987 1.33438279 1.33443607 1.33994724 1.35148916 1.37028068 1.39841219 1.43984561 1.50335523 1.62424225 1.88951242 1.97054973 1.4427468 1.18305088 1.0689962 0.99949155 0.95927451 0.94599559 0.95361497 0.9761228 1.01129097 1.05619744 1.11163951 1.19285536 1.34888814 1.57062823 1.64073786 1.56524918 1.46080167 1.53630202 2.08852948 1.71986664 1.4057238 1.30789901 1.26427601 1.24295144 1.22771564 1.20968935 1.19296925 1.18206432 1.1785256 1.18290913 1.19399692 1.20838329 1.22459432
1.06349853 1.02239889 1.02421154 1.06494164 1.11770392 1.1650005 1.20380362 1.23716487 1.26637335 1.29084807 1.31049717 1.32439773 1.32933452 1.32624065 1.32367326 1.32582227 1.33364858 1.34820433 1.37164008 1.40830252 1.46700963 1.57280751 1.79370054 1.95810624 1.4845046 1.23114824 1.10664847 1.02758079 0.97559676 0.94943383 0.94053756 0.94185758 0.95201811 0.9725165 1.00008774 1.03838541 1.09553991 1.17951409 1.32159562 1.45870481 1.50446741 1.80466033 1.97764137 1.51895391 1.38084024 1.30308409 1.2551996 1.22300402 1.19893099 1.17897293 1.16031239 1.14610098 1.13969335 1.14274807 1.15519944 1.17524107 1.19987603
1.12548212 1.06159345 1.07798448 1.15247205 1.21697781 1.24978348 1.2631548 1.271713 1.28225326 1.29348841 1.30464478 1.31476777 1.32034496 1.3172288 1.31169702 1.30983089 1.3126541 1.32083302 1.33587265 1.36062376 1.39864462 1.45595954 1.49866035 1.49766352 1.41850327 1.25340152 1.13985388 1.06114152 1.00225378 0.96438508 0.94120519 0.92722027 0.92198986 0.92580699 0.93903503 0.96688572 1.01743186 1.10449413 1.23725751 1.44862188 1.86807171 2.443651 1.91827194 1.48458901 1.35717194 1.29536631 1.24896185 1.21272924 1.18201736 1.15374147 1.1274565 1.10764994 1.09929 1.1032425 1.11771315 1.14053222 1.16960853
1.20420816 1.1355966 1.18867756 1.32135724 1.37250503 1.36070386 1.33555256 1.3152541 1.30537508 1.30216987 1.30353691 1.30832361 1.31311821 1.30964177 1.30077311 1.29401788 1.2904138 1.29007821 1.29316744 1.29929994 1.30567409 1.29956338 1.2652891 1.25803585 1.27753158 1.22940243 1.16032538 1.09949139 1.04100269 0.99274862 0.95563192 0.92864719 0.91180193 0.90558197 0.91332642 0.94175994 0.99643374 1.08455053 1.31815547 1.66049451 2.70645914 2.05146179 1.72054756 1.50875975 1.36890043 1.29558193 1.2464297 1.20787959 1.17235613 1.13574667 1.10161518 1.07593987 1.0657643 1.07134032 1.0883889 1.11329653 1.1445619
1.29149289 1.33688015 1.48044165 1.64623362 1.56407451 1.47107055 1.4013376 1.35579931 1.32874376 1.31331921 1.30628591 1.3058272 1.30926398 1.30611107 1.29431453 1.2818388 1.27051784 1.26029375 1.25008002 1.23733453 1.21744457 1.18484948 1.15195501 1.15383041 1.17959752 1.18770012 1.17459984 1.15353659 1.11208293 1.05283054 1.00031422 0.95987111 0.92827389 0.9101256 0.91435956 0.95138893 1.02333458 1.14658406 1.41194503 3.05144381 1.5322444 1.34959351 1.42457917 1.43602721 1.36189051 1.29775919 1.24848577 1.20901027 1.17259812 1.13348368 1.09036359 1.05571906 1.04334378 1.05150834 1.07107516 1.09684586 1.12811572
1.42915692 1.68590018 2.19035626 1.89605844 1.66559935 1.52622197 1.43781042 1.38173022 1.34584271 1.3233149 1.31069912 1.30622224 1.30865336 1.30803019 1.29465052 1.27589238 1.25663431 1.23698833 1.21563254 1.19085666 1.16184241 1.13352076 1.12038871 1.13249239 1.15798923 1.18738051 1.22369604 1.26444949 1.25694504 1.17662028 1.10048025 1.03760457 0.98316625 0.95014552 0.94880702 1.00090924 1.10816322 1.31000951 2.03909229 1.74214894 1.31497552 1.14154347 1.20325985 1.28155795 1.29552072 1.2747029 1.24717302 1.21785566 1.18738496 1.15013957 1.09887612 1.05177744 1.03790056 1.04988114 1.07000367 1.09265978 1.12003395
1.76337259 2.35333478 2.27145498 1.83020943 1.6393619 1.52231556 1.44489938 1.3915027 1.3544248 1.32917968 1.31330997 1.30584775 1.30527411 1.30254105 1.28911739 1.26787903 1.24446981 1.22080065 1.196052 1.17001315 1.14655612 1.13512488 1.1460665 1.17791325 1.21352665 1.2505792 1.32490508 1.45898854 1.58870835 1.52603916 1.37622485 1.22972421 1.12614298 1.04868871 1.02690815 1.1146134 1.28562784 1.60578265 2.06229991 1.40790434 1.17483659 1.10792281 1.12439872 1.18436434 1.2296752 1.24710879 1.24620958 1.23407861 1.21587354 1.19033116 1.1382319 1.07511178 1.064568 1.07908997 1.08937383 1.09987285 1.11797566
2.51260344 2.45037423 1.75445617 1.61165764 1.5409079 1.47914686 1.42821893 1.38729108 1.3551134 1.33066727 1.3133308 1.30287429 1.29596217 1.28600151 1.27148036 1.25105851 1.22823771 1.20667406 1.18651389 1.1678491 1.15563488 1.16108979 1.19625655 1.26697232 1.36041331 1.4508744 1.62343757 1.89881553 2.3327256 2.71853047 2.32891761 1.93793282 1.60394815 1.50095873 1.34320951 1.41878257 1.52639176 2.04237273 1.82820417 1.32680186 1.13710511 1.09438077 1.10111692 1.14211351 1.18997716 1.22723878 1.25140903 1.26590638 1.26392106 1.2579613 1.23252463 1.16627001 1.16670622 1.14822405 1.12356582 1.11098471 1.11558223
1.8425988 1.52633214 1.44337946 1.43594084 1.43279248 1.41857535 1.39797321 1.37459221 1.35149833 1.33028927 1.3126471 1.29791958 1.27961107 1.25870484 1.23965592 1.22167046 1.2033214 1.18955444 1.18330395 1.18379112 1.19044707 1.2096749 1.26187658 1.37674451 1.58746013 1.98700688 2.48267373 2.9084184 3.37943192 4.1895029 4.64548559 3.83822358 2.87672666 3.67363332 2.76936905 2.23040649 2.0359599 2.14893551 2.06053145 1.36761293 1.16197449 1.11459221 1.1131991 1.13668578 1.17491596 1.21824963 1.26325524 1.31187738 1.34901261 1.36647167 1.40331564 1.4973742 1.36344463 1.22999395 1.15325135 1.11096049 1.10597647
1.61178882 1.35391442 1.29481753 1.33199723 1.36123068 1.37332436 1.37256791 1.36375046 1.34939855 1.33177018 1.31230043 1.2889873 1.26119339 1.23413945 1.21004926 1.1895547 1.17505301 1.17030508 1.18063541 1.2063834 1.24338255 1.28855257 1.35947253 1.53484128 1.98390721 2.79483015 3.07292357 3.08807905 2.88845117 2.65641937 3.24068602 4.37113796 5.84463702 3.83735266 5.97773184 3.7591065 3.251745 3.47916972 2.3947894 1.55704336 1.27633798 1.19515368 1.16624197 1.16486543 1.18419677 1.21875942 1.26052986 1.32353544 1.42859571 1.54094559 1.8237078 1.98597559 1.51622672 1.29322991 1.1657961 1.10098611 1.1019316
1.70478165 1.38434277 1.30827073 1.31702998 1.34293791 1.35997351 1.3653645 1.36157495 1.35048845 1.3334891 1.31071829 1.28106184 1.24865443 1.21815118 1.18977681 1.16455535 1.14662501 1.14505157 1.16976639 1.22613091 1.31202679 1.42117826 1.57095322 1.89041896 2.60933379 2.88427868 2.47026902 2.17645574 1.9313025 1.78273415 1.98204455 2.44025416 2.54150841 2.86396746 2.63271621 3.40021575 3.01402258 2.74512305 2.74590429 1.90193339 1.44014892 1.30092339 1.23403004 1.20478508 1.20622317 1.23237419 1.26379646 1.30645755 1.42479833 1.73694177 2.14618689 1.80137944 1.55777366 1.32922232 1.17249206 1.09045291 1.11966407
1.92628708 1.4989429 1.39694012 1.37878367 1.37851276 1.38035204 1.37704323 1.36789678 1.35373019 1.33474632 1.30901862 1.27637115 1.24336466 1.21198814 1.18106071 1.15056009 1.12482413 1.11533928 1.14682083 1.23950822 1.39484364 1.62433559 1.96676707 2.51395958 2.93827089 2.18159993 1.75115449 1.53237543 1.41549758 1.37258058 1.37717541 1.36532614 1.44666959 1.62029367 1.69529748 2.03057163 2.10895823 2.22907737 2.47296479 2.16097014 1.57822928 1.39524345 1.29354179 1.24016139 1.23322778 1.26335672 1.30026042 1.33686284 1.42674373 1.82695763 1.67138949 1.49476092 1.46042601 1.32612268 1.17925903 1.10435951 1.21204497
2.10331786 1.69944448 1.5768013 1.51667873 1.46965393 1.4339235 1.40564978 1.38126761 1.35822579 1.33477466 1.30762031 1.27603415 1.24465338 1.2146499 1.18441342 1.15130889 1.11708794 1.09643554 1.12755899 1.24722291 1.45560807 1.76320447 2.21188238 2.63673476 2.13868592 1.65412263 1.41436941 1.27838335 1.20861849 1.17656781 1.14441227 1.12059145 1.18996574 1.32056993 1.52533056 1.90280109 2.06284143 2.08759022 2.49892992 1.63383411 1.55370688 1.4379385 1.3472602 1.28061768 1.26488705 1.31525319 1.38220566 1.44639701 1.86182256 1.74751743 1.43144724 1.38327046 1.33525744 1.30836751 1.26671331 1.24336298 1.50509712
