Data/CircuitscapeOutput/CurrentDensity_Blue.asc
ncols         600
nrows         600
xllcorner     4.75000481326669e6
yllcorner     4.02000353357911e6
cellsize      100.0
NODATA_value  -9999.0
[rows 0 to 24 of 600, columns 513 to 569 of 600]
0.36208496 0.36530924 0.41308768 0.47438249 0.49424397 0.42566067 0.35351433 0.28267965 0.22416523 0.19407018 0.20351596 0.22888673 0.25398475 0.27409269 0.28546523 0.26521622 0.16590725 0.13685258 0.16659938 0.18972496 0.20180579 0.20868958 0.21154376 0.21106502 0.20719048 0.19968718 0.18815489 0.17268671 0.15437058 0.1365526 0.12418988 0.11973529 0.12350259 0.13029452 0.13745032 0.14360437 0.14911709 0.15268959 0.15717979 0.16971522 0.20153924 0.23038722 0.14664612 0.11226144 0.0918933 0.07631877 0.06342733 0.05426709 0.05050252 0.05323996 0.06018616 0.07073698 0.08328365 0.10659282 0.12060024 0.1218086 0.11882868
0.57553346 0.6640223 0.70469829 0.72923156 0.73064375 0.64638844 0.54841105 0.45475742 0.36135547 0.30501981 0.33189351 0.36041735 0.37747204 0.3881059 0.38652301 0.41339005 0.51196086 0.3439757 0.29237139 0.2960713 0.29940557 0.30144542 0.30074397 0.3007377 0.29837242 0.29175731 0.28062577 0.26386906 0.24011451 0.21122847 0.18627882 0.17365567 0.17637264 0.18183733 0.18740029 0.19347501 0.1974118 0.20126553 0.20530742 0.20264575 0.17751053 0.14918611 0.16673142 0.15120729 0.13262654 0.11589945 0.10044497 0.08714921 0.07919235 0.08138656 0.08747435 0.09439882 0.10769634 0.13945245 0.19312338 0.16621921 0.16698211
1.13982523 1.1271873 1.01102846 0.86947893 0.70096641 0.66706387 0.60750405 0.53830539 0.43281471 0.37456411 0.4138335 0.40813688 0.39217574 0.37562264 0.35822019 0.36894137 0.38958366 0.39674785 0.31951502 0.31517392 0.31382238 0.31279866 0.30961505 0.31007083 0.30938891 0.30730348 0.30346799 0.29624796 0.28019792 0.24725543 0.20781204 0.18582023 0.1827353 0.1847628 0.18744799 0.19054124 0.19464433 0.19989754 0.20636426 0.21151446 0.21393932 0.21681819 0.17496095 0.1571178 0.14229598 0.13062945 0.1179799 0.09958196 0.08577148 0.09108323 0.09947876 0.10662131 0.11839549 0.16554051 0.13719465 0.15958159 0.16705977
1.13724109 0.9043535 0.85580397 0.74172707 0.68944829 0.6617057 0.63494348 0.62484359 0.55342004 0.54385262 0.49165729 0.43298648 0.39082139 0.36289455 0.34727109 0.3523228 0.38185333 0.43202837 0.33089686 0.33241346 0.33799143 0.33209387 0.32630602 0.32405691 0.32255845 0.32289481 0.32567937 0.33089304 0.33510902 0.31647018 0.25817703 0.21408301 0.19373879 0.19014783 0.19049432 0.19230812 0.1956383 0.20049699 0.2066271 0.2129245 0.22173516 0.25119095 0.21838418 0.18198607 0.16020734 0.14873225 0.14991538 0.11781819 0.1073952 0.10757805 0.13447778 0.13228176 0.20300966 0.18374458 0.16461581 0.16337724 0.17120879
0.5906605 0.56877597 0.56425602 0.59919112 0.63269786 0.63474783 0.62085098 0.62367041 0.83595836 0.66179672 0.5029022 0.42952505 0.38102202 0.35125838 0.34064139 0.36390766 0.45163303 0.7808443 0.39980802 0.40453976 0.3840923 0.36476925 0.35000117 0.33968532 0.33394873 0.33348044 0.33921611 0.35320755 0.37893416 0.41908031 0.38638586 0.27080713 0.21734414 0.19730743 0.1954622 0.19519745 0.19520255 0.19576815 0.19431032 0.18637228 0.17724886 0.21561684 0.24346572 0.21449055 0.18189206 0.15872147 0.16236872 0.20807463 0.21214009 0.21595676 0.17438958 0.23771677 0.21909472 0.20019794 0.18529391 0.17922929 0.17856009
0.39627864 0.45046845 0.47334317 0.52097844 0.57520451 0.60232285 0.58959538 0.59658673 0.53815231 0.49199532 0.45517472 0.40141603 0.36159934 0.33333437 0.31393628 0.32061219 0.32931296 0.37430693 0.7988297 0.51186658 0.43754143 0.39624038 0.36940199 0.3510438 0.33968515 0.33499477 0.33728905 0.34789999 0.37022863 0.41427714 0.49383194 0.38513422 0.25440228 0.21097304 0.20182631 0.19754073 0.19270044 0.18668118 0.1779736 0.16533311 0.16015118 0.18184968 0.22293735 0.2426724 0.19265757 0.16721648 0.16661891 0.21567952 0.2276239 0.230157 0.2568821 0.24139372 0.22422966 0.20703996 0.1956925 0.18906677 0.18629074
0.35797011 0.40428113 0.44472211 0.49484398 0.55631077 0.60075837 0.59008908 0.52926872 0.4479586 0.43780652 0.41737991 0.38689179 0.35362136 0.32669607 0.30786014 0.28544836 0.29854136 0.38835393 0.43956915 0.50470136 0.44757072 0.40645824 0.37657594 0.35441021 0.33853536 0.32840894 0.32365503 0.32377342 0.33011113 0.35114138 0.41648328 0.46850284 0.31853512 0.23395229 0.20913037 0.1974716 0.18948543 0.17964917 0.16871308 0.1591682 0.15971488 0.17715383 0.20905364 0.23873216 0.31316302 0.28769482 0.25866356 0.22963838 0.22781124 0.23274485 0.23920894 0.23441792 0.22097026 0.20960479 0.20061084 0.19483076 0.19213449
0.34113916 0.37888456 0.42204372 0.473592 0.54416396 0.6306737 0.69825978 0.64283348 0.54533953 0.47998087 0.4403937 0.41048004 0.37288912 0.34134783 0.33691592 0.35001199 0.36930189 0.49698911 0.37485175 0.43211446 0.42247285 0.39691586 0.37205908 0.35028886 0.33217318 0.31785078 0.30724963 0.29970236 0.29652485 0.30387577 0.34677667 0.46339435 0.42201426 0.26109955 0.21856682 0.20218294 0.19242949 0.18121747 0.16952812 0.16090394 0.15921769 0.1696149 0.18927958 0.20611024 0.28271862 0.26874429 0.2469739 0.23421105 0.22766884 0.22775163 0.22764752 0.22412856 0.21718013 0.20918693 0.20222413 0.19730869 0.19542073
0.33213548 0.3605066 0.39816196 0.44618645 0.51011656 0.61942272 0.85690221 0.92782254 0.88831002 0.71619695 0.61275644 0.5655395 0.51609034 0.4487938 0.42937275 0.49877209 0.89571723 0.49057765 0.39860255 0.40377655 0.3961056 0.38004631 0.3609438 0.34144619 0.32319564 0.3068484 0.29323427 0.2824143 0.27580714 0.27809787 0.30043114 0.38624972 0.5220422 0.29469252 0.23094644 0.21808213 0.20776002 0.19514338 0.18040131 0.16630509 0.15806453 0.15776357 0.16514195 0.1695617 0.16473552 0.2183188 0.2255511 0.22427707 0.22359717 0.2227691 0.22138855 0.21836335 0.2135517 0.20767886 0.20176529 0.19686171 0.19460442
0.3257472 0.34622061 0.37336295 0.40473409 0.44684104 0.49881122 0.58069432 0.76078113 0.98188112 1.12107547 0.99328423 0.92799878 0.90684042 0.81586421 0.57367454 0.60981289 0.43517581 0.39751717 0.40470893 0.39317372 0.38179478 0.36685049 0.34912459 0.331169 0.31367468 0.29715522 0.2830405 0.27246033 0.26540518 0.26300277 0.2667892 0.29251617 0.40589149 0.37772855 0.25591199 0.24001922 0.22944118 0.21804923 0.20298872 0.18451129 0.16966943 0.16287856 0.15916661 0.15579656 0.14340832 0.19518299 0.21283003 0.21785423 0.21909196 0.21867235 0.21725648 0.21477266 0.21105274 0.20617333 0.20043156 0.19430418 0.18869688
0.31954059 0.33209476 0.34950738 0.36790711 0.38626762 0.38707269 0.39550321 0.48227124 0.61250822 0.77316465 0.86339742 0.84332911 0.81124239 0.83923962 0.69762347 0.65265025 0.42228731 0.38446914 0.39146921 0.3862077 0.37379009 0.35828912 0.34038623 0.32194623 0.30415127 0.28807951 0.27520832 0.26647364 0.261005 0.25799394 0.25845951 0.26699416 0.32953065 0.40667092 0.28057488 0.2646863 0.25237743 0.24261513 0.23164833 0.21305386 0.19425685 0.18319423 0.17372447 0.14992103 0.22053769 0.20954357 0.21293326 0.21581059 0.2163357 0.2156569 0.21440885 0.21260276 0.20984689 0.20565638 0.1997322 0.1920487 0.18204424
0.31319914 0.32188758 0.33283364 0.34165018 0.34156003 0.32563286 0.31732935 0.34381042 0.39006143 0.46134045 0.53507308 0.56007085 0.54853303 0.58029816 0.74126254 0.61673597 0.47964968 0.42337191 0.39888144 0.38531616 0.37086229 0.35422678 0.33507034 0.31504126 0.29629831 0.27977241 0.26781665 0.26225284 0.26158604 0.26382645 0.2703513 0.29211548 0.27685933 0.42403857 0.31778143 0.29404474 0.27304951 0.26050107 0.25638435 0.24836537 0.22767648 0.21420957 0.18217375 0.24952771 0.23300815 0.22579177 0.21864286 0.21647844 0.21485921 0.21333852 0.21223621 0.21145992 0.21021562 0.20723049 0.20219977 0.19536665 0.18504066
0.30871519 0.31669427 0.32223076 0.32150367 0.31133807 0.29454933 0.28921535 0.2976584 0.31627601 0.34783351 0.38925225 0.42544365 0.42776282 0.38640872 0.57174585 0.48384329 0.5010802 0.45625719 0.41797628 0.39225239 0.37409617 0.35658772 0.33669531 0.31535733 0.29436188 0.27572294 0.26256822 0.25887433 0.26543637 0.27804424 0.29918761 0.31720856 0.43300416 0.51091059 0.37804502 0.32713974 0.28884876 0.26464786 0.26063529 0.27068164 0.26618981 0.20859449 0.27287248 0.25282183 0.24320629 0.230182 0.22277299 0.2176171 0.21371465 0.21087252 0.20976106 0.21064337 0.21243295 0.21223795 0.21036953 0.20584484 0.19711126
0.30901034 0.31745813 0.32014298 0.3138137 0.30078254 0.28858561 0.28310551 0.28470219 0.29823031 0.32864912 0.37033802 0.41347788 0.42192463 0.47061527 0.45826147 0.49233839 0.5012288 0.47485166 0.43664484 0.40818581 0.39169535 0.37507011 0.35256358 0.32808917 0.30307496 0.27947882 0.26301254 0.25845195 0.26435639 0.28152348 0.312204 0.37755583 0.55548808 0.33588175 0.39751165 0.34145366 0.29942616 0.26560134 0.25048951 0.25928632 0.27706211 0.31169434 0.26551645 0.25756531 0.24410214 0.2341965 0.22589202 0.21883965 0.21250078 0.20744665 0.2056428 0.20810546 0.2164686 0.22386877 0.2268622 0.22313185 0.20826353
0.31763394 0.32842231 0.33033043 0.32198677 0.31343833 0.30379788 0.29435795 0.29035004 0.29797408 0.32285541 0.3664225 0.42257635 0.47375705 0.61590752 0.48409062 0.51913723 0.52741343 0.51110811 0.46632331 0.43292593 0.42552372 0.41777973 0.39439744 0.36851814 0.33786018 0.30034178 0.27711439 0.26910661 0.26547091 0.26838736 0.27774555 0.28838639 0.28126999 0.3621476 0.35434139 0.33756348 0.30777881 0.26991548 0.24562171 0.24288877 0.24609807 0.26897166 0.26750524 0.25741055 0.24814782 0.23877757 0.22968706 0.22055868 0.21133397 0.20281257 0.19798309 0.20264326 0.21026142 0.22791003 0.22794591 0.233854 0.20529453
0.34216711 0.35757306 0.35804318 0.3499354 0.34679229 0.3354379 0.31998244 0.306906 0.30322002 0.31499552 0.3474002 0.42309448 0.62583009 0.48222832 0.52254295 0.54327115 0.56758433 0.57951837 0.5334839 0.4882067 0.48683826 0.50368718 0.50198459 0.50980858 0.48855829 0.39750222 0.34091148 0.30757114 0.28773339 0.27020282 0.24557609 0.21827464 0.24315316 0.31342831 0.33242208 0.32650077 0.31713078 0.2798806 0.23930663 0.23427906 0.20783262 0.25789276 0.26589821 0.26179538 0.25378244 0.24448212 0.23426972 0.2230439 0.21059338 0.19713969 0.1866793 0.18441577 0.19521362 0.13086713 0.12487753 0.1460907 0.18224134
0.39862182 0.41519765 0.41117068 0.40559614 0.40713094 0.39588285 0.37273517 0.34768569 0.32637328 0.31322543 0.32280072 0.40318532 0.43389658 0.46017782 0.51012535 0.54603349 0.60383782 0.68102636 0.70180937 0.61557102 0.58912683 0.62552462 0.74848495 0.85229662 0.90877909 0.77624008 0.53916946 0.40868774 0.37299128 0.33903835 0.28331399 0.24556737 0.25480668 0.29083783 0.31472468 0.32348635 0.34704702 0.29993467 0.24667746 0.23378686 0.30532629 0.275567 0.27399276 0.26879922 0.2608824 0.25122387 0.24001728 0.22698308 0.21145831 0.1923636 0.16880328 0.16363356 0.10522759 0.11163282 0.10510258 0.11266402 0.16388677
0.52921826 0.52064643 0.49934735 0.4919257 0.49873561 0.5019947 0.47994869 0.44751352 0.41563127 0.36140554 0.32891217 0.49113753 0.43399489 0.44768744 0.48594843 0.52632298 0.58545439 0.6852508 0.86738489 0.82477357 0.75800377 0.79615469 0.85193515 0.86903085 0.94484449 1.2025769 0.96992715 0.68350175 0.46164915 0.40028831 0.36291471 0.31928137 0.29981503 0.31041817 0.32402572 0.3251121 0.33827892 0.43067995 0.40906948 0.37275896 0.31789074 0.30015574 0.28678942 0.27831956 0.26960288 0.2595346 0.24760079 0.23336676 0.2159382 0.1928796 0.1586781 0.10473416 0.10745979 0.09677203 0.09286636 0.09061066 0.09471263
0.90593645 0.76359715 0.66579062 0.62189486 0.62672653 0.70232826 0.79038541 0.83646376 0.88963887 0.85404329 0.51338564 0.69377022 0.46576976 0.44994229 0.45787386 0.48140196 0.51999635 0.58481038 0.73415924 0.88895299 0.86140923 0.81899176 0.6992276 0.66643526 0.69064571 0.81806811 0.97709852 0.94475846 0.59232455 0.43813453 0.42329059 0.37237864 0.33878455 0.33042117 0.3415314 0.35343519 0.29681836 0.38003207 0.40112899 0.37485057 0.33532226 0.31190056 0.29825765 0.28858529 0.27989764 0.26984867 0.25746 0.24267458 0.22523353 0.20336504 0.16913813 0.11723846 0.10261775 0.09156888 0.08484596 0.08166416 0.09043294
1.64839511 1.27126456 1.00839922 0.91284385 0.90846281 1.07112565 1.50964584 1.8583032 1.98320799 2.15052553 2.43511257 0.74484756 0.52874899 0.45344632 0.43136117 0.43162519 0.44314292 0.46174304 0.50741465 0.62534286 0.67088307 0.61034852 0.54695081 0.50845365 0.49339146 0.53575461 0.63066092 0.73032147 0.77192318 0.51738054 0.43385507 0.38198313 0.35245066 0.33115688 0.34208007 0.34864532 0.3906724 0.34304829 0.3778709 0.35466275 0.33445432 0.3173982 0.30558348 0.29830551 0.29211688 0.28294672 0.26968236 0.25425802 0.23822798 0.22175663 0.20729925 0.13659863 0.10711205 0.09363486 0.08720705 0.08510956 0.08991408
1.62619287 1.67597784 1.56561304 1.45194062 1.48785016 1.55867018 1.29417093 1.01612025 0.94308218 0.9565947 1.11625705 1.27292329 0.62342712 0.47100707 0.42024548 0.39721816 0.38634201 0.38172189 0.38557708 0.39990845 0.4260414 0.4423334 0.44938373 0.4309269 0.41752122 0.44514342 0.52307286 0.57803311 0.7045139 0.5490607 0.42603814 0.38437746 0.35809829 0.33489327 0.33139662 0.29052309 0.35642393 0.35223559 0.27244876 0.33621176 0.32896073 0.31739096 0.30774448 0.30556473 0.30953479 0.30160903 0.2830427 0.26622868 0.25175109 0.24071984 0.23719637 0.22910434 0.13189792 0.11569045 0.1071542 0.09894188 0.09689865
0.98985738 1.13895936 1.25544854 1.22770119 1.13946038 0.99160129 0.81378824 0.63646785 0.54037004 0.53518383 0.86639497 1.20903634 0.80455199 0.49892128 0.42033523 0.38085035 0.35829182 0.34370762 0.33345563 0.33316262 0.34693464 0.36804117 0.38541066 0.38719297 0.39107537 0.41477676 0.47466449 0.53426991 0.56228983 0.56666833 0.45491926 0.40284426 0.35910991 0.35250228 0.29572762 0.3861611 0.35686768 0.36425288 0.36900727 0.33038337 0.32703019 0.31442073 0.30409426 0.29862704 0.33156032 0.31899945 0.29521936 0.27530147 0.26267997 0.25462369 0.25122457 0.24910414 0.23059765 0.15019769 0.13812754 0.1222903 0.11363465
0.62415515 0.67258688 0.71795253 0.72356553 0.67139163 0.61483473 0.57743984 0.53114956 0.50390362 0.52670943 0.71914339 1.18072416 0.98398899 0.55969202 0.43017876 0.37983651 0.35191994 0.33427081 0.32305271 0.32069072 0.32721302 0.33916256 0.35209502 0.36071993 0.37136112 0.39353589 0.45002614 0.53289202 0.5502775 0.54445579 0.48987508 0.46461657 0.37098925 0.35447938 0.43611843 0.38822136 0.38185698 0.37716536 0.36802009 0.34775048 0.33039933 0.31240745 0.28611738 0.29394214 0.23673223 0.3168413 0.29438086 0.2786501 0.26995046 0.26395557 0.25958933 0.25522614 0.24176043 0.18746059 0.17010833 0.14983749 0.13563206
0.48845794 0.46275625 0.4611985 0.47230984 0.47490617 0.47837674 0.48602481 0.48499663 0.4840505 0.51187428 0.61352974 1.11259314 1.1506372 0.66908259 0.45872334 0.40005136 0.36776879 0.34539632 0.33099051 0.3244554 0.32457215 0.3287821 0.33480763 0.3431135 0.35437198 0.37603566 0.43384089 0.52054607 0.52373528 0.51475032 0.54654584 0.46977162 0.5571685 0.49312936 0.43286784 0.41191492 0.39347698 0.38113411 0.36845458 0.35393448 0.33780823 0.31817849 0.28157014 0.20540221 0.23445763 0.2033302 0.27720191 0.2780463 0.27508631 0.27112091 0.26766668 0.26399263 0.25593523 0.20294334 0.19099265 0.17397351 0.15891921
0.48795477 0.426535 0.4041557 0.40245221 0.40860408 0.42231337 0.43895997 0.45212531 0.46456783 0.48831341 0.54857333 0.85250551 1.46725475 0.97669066 0.54683928 0.44718655 0.4034439 0.37365044 0.35232207 0.33858921 0.33067608 0.32707033 0.32665967 0.32941965 0.33772474 0.3578144 0.41261538 0.55081008 0.49729449 0.44174644 0.47057903 0.56989154 0.51016793 0.48744472 0.4469408 0.41972483 0.4010553 0.38605935 0.37281742 0.35997073 0.34708379 0.33358501 0.31952439 0.23015276 0.23022178 0.27668718 0.26739696 0.28080132 0.2807865 0.27762611 0.27443391 0.27613469 0.28111233 0.22872119 0.20937524 0.1919559 0.17940133
