Data/CircuitscapeOutput/CurrentDensity_Blue.asc
ncols         600
nrows         600
xllcorner     4.75000481326669e6
yllcorner     4.02000353357911e6
cellsize      100.0
NODATA_value  -9999.0
[rows 400 to 424 of 600, columns 228 to 284 of 600]
10.53527961 10.62083791 10.79679722 11.87002145 11.96469 11.06384031 11.06633898 10.27857258 8.54406721 7.63420781 7.11237358 6.57315928 6.38316042 6.47230264 6.66234638 6.93369912 7.54277355 9.57070441 13.35008843 11.98089163 9.8998595 9.69336407 9.93494997 9.2431273 7.32115032 6.12204844 5.55666805 5.27993709 5.1444008 5.08768288 5.07847918 5.09408774 5.12834037 5.15569292 5.14491554 5.09686226 5.03409566 4.9777204 4.92497284 4.86956118 4.80836435 4.7496297 4.69973195 4.60007881 4.47131136 4.38224751 4.35779113 4.40428098 4.52200259 4.72427675 5.05366612 5.61237503 6.60990532 10.23124701 9.76597587 9.75405759 6.48968444
6.15218001 6.42821147 6.85689396 7.73818751 10.43240277 11.47599505 11.57772099 12.80515737 12.81126314 11.76067377 9.85743092 8.2006015 7.82286249 7.69235655 7.57976977 7.98398207 7.88601603 9.09763583 12.34307956 13.70519781 12.86531998 13.37770035 12.99152332 13.95947891 9.99826491 7.20215129 6.0985635 5.61942191 5.38669076 5.28038242 5.23602949 5.20929628 5.20056212 5.20947919 5.19771782 5.14294748 5.05769104 4.96591818 4.87894851 4.79412958 4.71149644 4.63967087 4.58732758 4.54402824 4.44906562 4.35508122 4.31543695 4.3373832 4.42767172 4.58615307 4.83316778 5.20366196 5.8681406 6.08528743 5.5328068 4.95711988 5.23298146
4.55386048 4.65915136 4.94481663 5.431326 5.94646915 6.6847703 7.39305639 8.37692282 10.01936735 10.6440185 11.8093242 11.89259331 11.44676154 12.04570921 11.4850935 9.90733643 12.02388299 13.60951941 15.90028616 16.72304103 14.76896884 11.96421653 11.55224665 13.69813495 13.81158123 8.85215456 6.88362655 6.12447252 5.75578644 5.57966699 5.49010693 5.41664364 5.36542342 5.35427197 5.33856508 5.26937939 5.14916899 5.00484544 4.86771278 4.74972979 4.64799232 4.5669088 4.50704486 4.46404718 4.40675297 4.32944505 4.26813476 4.26005526 4.30313337 4.39131411 4.51455354 4.675182 4.8146266 4.78113807 4.65832119 4.51713073 4.48809041
4.18358112 4.11501775 4.19914637 4.30660104 4.42567245 4.70295077 5.09636844 5.619453 6.29543304 7.27016597 8.55971132 9.72579931 9.81745282 10.11959119 11.3480243 12.21692439 15.83980606 9.78811848 9.13074091 10.09699017 10.75447198 10.31973098 9.94017706 11.71554013 15.06605127 11.27302323 8.13541452 6.8924671 6.3046301 6.034328 5.88120901 5.75921424 5.66553971 5.62883422 5.5985825 5.49506658 5.31317309 5.0921524 4.89242077 4.74354665 4.6301636 4.53304948 4.45754012 4.39913791 4.34314191 4.28479207 4.22460174 4.1847427 4.17747996 4.19642616 4.23115593 4.26469062 4.26926658 4.20067422 4.09567663 3.95437818 3.83833761
3.98735616 3.86332308 3.83023164 3.84711075 3.90816857 4.0391065 4.2385435 4.46424192 4.75415188 5.25495556 5.9025286 6.41093978 6.6411856 6.89086005 7.76869438 10.03973912 8.9315039 7.92143837 6.93304723 7.27128723 8.10570435 8.65465457 8.81365837 10.07015658 13.47059984 12.98639374 9.80627431 8.05165973 7.16241636 6.73381265 6.49849111 6.33571564 6.2095909 6.12866937 6.04465829 5.85775879 5.56196697 5.23806248 4.97607853 4.8008461 4.66363959 4.54240204 4.43756033 4.3534186 4.28554132 4.23107275 4.17993529 4.12172477 4.07479223 4.04075145 4.0151575 3.98047002 3.91342065 3.79800063 3.65387148 3.52367959 3.43519632
3.86431754 3.73513827 3.65499053 3.63231604 3.6554981 3.72585459 3.83449387 3.96923756 4.16188597 4.45529742 4.75675101 4.98669621 5.16679932 5.39423924 5.93696873 6.52627167 7.13175936 7.12574037 6.58714797 6.60366548 7.115663 7.75111502 8.39096054 9.58330945 11.4496606 12.27709642 11.26221842 10.05578068 8.97577138 8.26429516 7.66529133 7.40540415 7.27761936 7.09031842 6.83082469 6.48061186 6.00394485 5.47448962 5.14867375 4.95002276 4.76836891 4.59118244 4.44483833 4.33911828 4.25812994 4.18990748 4.13043934 4.07172141 3.99982001 3.92878116 3.86258175 3.7863146 3.6858923 3.56356225 3.43637706 3.32947818 3.25592806
3.79650082 3.67034902 3.57966829 3.53538871 3.53792856 3.57730779 3.64528745 3.74316734 3.88630438 4.08314019 4.29354456 4.47595451 4.64568997 4.8862437 5.26552568 5.77459605 6.26524677 6.45443751 6.34545948 6.36002759 6.76943344 7.51781228 8.6318122 10.39767423 12.42547312 12.75428366 12.87259348 13.76399554 14.34700899 12.18895005 10.40685075 10.03950445 9.83381699 9.4857356 8.82196494 7.77190353 6.71672629 5.87857817 5.46485106 5.21539441 4.94372125 4.68438781 4.49892722 4.38046439 4.28434195 4.18970214 4.0991722 4.01642065 3.93607386 3.85183359 3.7617028 3.66609986 3.55898681 3.44466242 3.33750495 3.24995695 3.18781628
3.70277938 3.60865721 3.54066727 3.50423011 3.49910667 3.52196293 3.57099919 3.64307939 3.75695413 3.90489293 4.08494822 4.26292822 4.45172289 4.71611874 5.07805106 5.49752626 5.86382297 6.05728021 6.10531273 6.22061302 6.57105437 7.24850081 8.40301905 10.33946331 12.54345703 13.63545702 14.33835472 15.53392471 17.35070676 18.46339859 16.11850515 17.8075864 18.20458648 19.61203384 14.99612905 11.94722266 8.50148115 6.38512614 5.95513354 5.69966033 5.25652484 4.87587564 4.64994964 4.51630574 4.39039465 4.24811342 4.10811677 3.98559009 3.88218083 3.79158691 3.70213343 3.60458516 3.5007984 3.39906711 3.30739194 3.23420322 3.18163499
3.59130318 3.54205366 3.51029376 3.50316657 3.50699522 3.52261933 3.56055127 3.62081342 3.70872089 3.83804894 3.99025418 4.17312939 4.38764951 4.67339195 5.02636342 5.40511599 5.71889088 5.88970788 6.00264199 6.18460766 6.48578294 6.96907114 7.76291524 8.90574905 10.18121553 11.98488403 13.39913725 12.51744276 13.20976112 17.24404752 23.44831643 21.95237699 82.72909571 31.4355136 29.90632053 23.48558547 15.11487776 8.97102748 7.93076908 6.73006362 5.82276879 5.28790449 5.00545048 4.83634172 4.63163554 4.38944655 4.17489211 3.99546877 3.86081529 3.75488902 3.66081583 3.57148577 3.48263769 3.39530271 3.31891436 3.25794366 3.21305032
3.48901407 3.47934993 3.48407928 3.50818265 3.54073983 3.55690965 3.58985344 3.64573462 3.72607141 3.83375313 3.98479713 4.16611361 4.38061573 4.68163387 5.05644196 5.45382368 5.78226626 5.95870633 6.11214281 6.32813222 6.52997436 6.75637148 7.0097778 7.22801674 7.62793229 8.60344694 9.58186879 9.55327781 9.78167212 11.05387203 12.57689248 16.26995267 15.48258361 16.67720879 16.57684247 22.52473462 26.3156235 25.21499407 12.94996189 8.78442012 7.29850418 6.4872451 5.90816385 5.58105342 5.1167712 4.68058517 4.33435861 4.06849386 3.89090049 3.75991108 3.64785566 3.55007807 3.4684946 3.40297409 3.34584993 3.29502028 3.25666883
3.40206185 3.42694494 3.46112611 3.5139524 3.57742035 3.61198581 3.6445984 3.69922778 3.78183081 3.89516242 4.03981842 4.21463754 4.45422447 4.76349214 5.14442778 5.62705623 6.06624276 6.31931642 6.51737074 6.71571852 6.75319713 6.68183997 6.61593225 6.53887493 6.660433 7.07329848 7.51221997 7.74118681 7.95552459 8.51509889 9.25741315 9.56584528 9.39848256 9.2026424 9.85390262 11.64984257 15.86895314 22.52859765 17.19176032 12.58916808 10.56748517 9.62080225 8.44364806 7.15029668 6.14217011 5.31031164 4.69343905 4.26125987 3.99265913 3.80767401 3.65995282 3.54330897 3.45559438 3.39060717 3.34130196 3.30126183 3.27069038
3.33409726 3.38429753 3.44269879 3.51768183 3.60944028 3.67684874 3.71418831 3.77053211 3.85830036 3.98042283 4.13969374 4.33908762 4.58238016 4.89657762 5.3800412 5.98102192 6.60142404 7.0880178 7.36285948 7.45713735 7.21270988 6.87784769 6.49189248 6.2793059 6.25261826 6.40227733 6.62939511 6.88729613 7.26582206 7.85202841 8.43755679 8.52078596 8.23753228 7.90320648 7.84483166 8.47869959 11.75987497 17.28899745 15.08468022 13.66225106 13.25454496 12.89539083 12.31466798 9.42737079 7.77720643 6.50595616 5.47510856 4.74311136 4.2237708 3.89167557 3.68827193 3.55298709 3.45423432 3.3784871 3.32129503 3.28113991 3.25852757
3.28621796 3.35418562 3.42963585 3.52032983 3.63178587 3.74191677 3.79065494 3.85252919 3.94685196 4.0771917 4.24830567 4.46589077 4.7457268 5.12649853 5.6524559 6.44271897 7.72391841 8.55987745 9.14308987 8.92936206 8.25166018 7.14573007 6.55907493 6.1916137 6.0353812 6.05662055 6.19755116 6.47960963 7.01024569 7.81131124 8.55530234 8.71477284 8.31729647 7.6543044 7.40948845 8.04146454 11.36847676 16.02734471 12.54770158 10.98461496 11.25490597 11.26310817 12.05177335 11.0896129 9.30109948 8.20761511 6.7239878 5.65252301 4.63141853 4.01734225 3.7348936 3.59405138 3.47966334 3.38323366 3.31119335 3.26766908 3.24764466
3.24878508 3.33314373 3.42394259 3.52658213 3.65038624 3.78809726 3.87029482 3.94259862 4.04269559 4.17693441 4.35197529 4.57419826 4.86753238 5.28106393 5.88913975 6.83125492 8.47638508 13.17626367 13.46134327 13.49093005 8.93957886 7.4282002 6.58853803 6.13407611 5.94406493 5.9235019 6.02595256 6.31283723 6.99094317 8.26182442 9.6166144 10.08491082 9.58333609 8.5486494 8.49100172 9.40328733 11.84804882 21.1283734 13.39582822 9.17052974 8.1151248 8.16380439 9.0680586 10.65621889 9.8096375 9.21539156 7.48068602 6.18610883 5.02813804 4.16536004 3.87442581 3.69793495 3.55880407 3.4291103 3.34247312 3.29007313 3.26525175
3.21478655 3.31268687 3.41946691 3.53679269 3.67098519 3.8259512 3.94870233 4.0368153 4.14137896 4.27634023 4.44812861 4.66342625 4.94394112 5.33613006 5.93043195 6.91283199 8.80397141 13.27865729 74.47160965 13.71165764 9.44467596 7.57627605 6.65161458 6.18700395 6.01666436 6.02028564 6.08899192 6.33670074 7.10195657 8.62386971 11.95894476 13.87880983 12.95346956 11.50152351 11.35636143 12.98232253 13.9368519 12.51818448 11.16005757 8.75387905 7.24106561 6.83478796 7.25952082 8.57392297 9.29934286 9.98220798 8.85985518 6.54217043 4.80997695 4.58402176 4.13807763 3.97290677 3.75732227 3.573662 3.44899455 3.37184349 3.32969998
3.18682578 3.29438134 3.41484413 3.54996638 3.70285831 3.86918328 4.01372886 4.11587826 4.22258399 4.35344281 4.51479649 4.70971428 4.96012372 5.31167952 5.84355775 6.70504028 8.34712019 13.06563089 13.58659328 13.81362723 9.17777096 7.60412163 6.74278867 6.302895 6.17390659 6.27530006 6.39448064 6.69081878 7.87869964 9.902112 13.63480336 28.11101339 21.74857735 17.47120646 15.11040512 14.07544397 10.65041096 8.49384962 8.35766558 7.90563541 6.83794527 6.21667694 6.17136893 6.78788084 7.82330279 9.40063023 12.34032626 8.56426265 8.11741333 5.17185765 5.07701508 4.61205144 4.22255789 3.9362606 3.71100703 3.559813 3.46785047
3.17339057 3.28807388 3.42103782 3.57114889 3.74037586 3.8997708 4.02451525 4.12563277 4.22344323 4.33742584 4.47780051 4.63740925 4.84001984 5.13251318 5.55503193 6.26073304 7.49537055 8.46097731 9.35049193 9.34306625 8.66328209 7.39858765 6.67034629 6.32212608 6.2760454 6.6458903 7.48894707 8.18360765 10.25236056 12.24847197 16.57249555 20.79706462 79.92339699 19.88998701 15.56002802 10.55974455 8.07449835 7.0463899 6.9786572 6.86537215 6.31139815 5.77344444 5.53273953 5.6106337 6.03393381 7.47097612 8.46976362 20.43069308 10.11465866 10.34684961 6.82093044 5.7923543 5.24251251 4.6797676 4.26439787 3.94348219 3.72185972
3.18691824 3.30539435 3.44612584 3.58609084 3.69524602 3.79031087 3.88220266 3.97135089 4.05518413 4.15583951 4.28308446 4.43618605 4.61436482 4.83560767 5.19168748 5.69832994 6.30236882 6.89646841 7.52927326 8.00169667 7.81221935 7.23499813 6.57600259 6.28629044 6.51565019 7.15123531 9.3838694 14.30787333 12.17086816 11.2767014 11.25544821 12.41173238 12.25463077 12.77593852 10.17822768 8.95715213 7.58996687 6.6981343 6.33399722 6.08043987 5.74019279 5.4073008 5.2915894 5.38186358 5.40414845 5.53383392 6.66054995 17.87294952 13.28677698 13.01963502 9.05748347 8.22094016 6.77064124 5.53398435 4.85400786 4.56030293 4.13442814
3.22357958 3.33975764 3.44068804 3.52763947 3.58988632 3.6485395 3.71729439 3.79559088 3.87106212 3.95609123 4.06344995 4.19412915 4.34473064 4.55684922 4.81875276 5.17499454 5.58406194 6.03626653 6.64262758 7.25877788 7.60109305 7.36328215 6.64725807 6.36338722 7.18039127 9.13832931 12.42166925 11.57038553 9.55562479 8.605259 8.32278743 8.32401433 8.30421858 8.2907108 8.33898555 8.14818826 7.51717209 6.7260641 6.17580719 5.73921788 5.34636125 5.04470505 4.97032277 5.23977323 5.77610773 6.66799758 8.69042421 12.23465369 9.96140982 13.663516 15.84148189 11.61532535 8.88099879 7.32204317 5.64207363 5.5010777 4.91073044
3.25091336 3.34505127 3.39390609 3.43117219 3.46741403 3.51112906 3.56732306 3.63573485 3.70378004 3.7730832 3.85767259 3.96882181 4.11704303 4.28661081 4.51152691 4.76525935 5.02521414 5.41733919 6.00665164 6.70571411 7.49807295 8.35669798 7.96508923 7.78271668 9.95660138 14.14776429 12.36521883 8.74574879 7.80231733 7.52865906 7.40164747 7.24315029 7.06954626 7.20942566 7.63435877 7.88780247 7.60072948 6.92076881 6.27224758 5.664657 5.16855968 4.76824135 4.60708128 4.90005202 7.02304611 9.40869375 8.3681298 5.73289832 8.20114932 7.53181119 8.68182455 11.00936792 16.09181076 13.77429605 11.59891159 7.23293973 6.12515084
3.24119958 3.28489154 3.30561574 3.32634353 3.35524189 3.39258588 3.43961886 3.49603857 3.55657598 3.61575628 3.68914823 3.79262152 3.91923541 4.07759517 4.24756474 4.41636112 4.5984544 4.93131313 5.4663353 6.18272122 7.23132205 8.48417631 13.56598283 16.78840771 14.5215851 11.29848768 10.32473314 8.77008076 8.13210664 8.33149139 7.94666356 7.07943033 6.61726343 6.77773485 7.5117266 8.3158363 8.19698986 7.49742452 6.74607253 5.88066672 5.39418055 4.84346489 4.69090168 5.6558262 7.25331622 5.39857274 4.38262944 4.13459238 5.41889527 6.56957511 7.13742514 7.99451846 8.39241737 13.51692892 14.05054656 9.32969707 7.71703927
3.16836817 3.19561902 3.21477376 3.23696206 3.26508061 3.29908691 3.3383393 3.38363402 3.436222 3.49244363 3.56606379 3.65787464 3.77345769 3.90117959 4.03500756 4.16063816 4.28981808 4.52321851 4.92977789 5.55146364 6.83851598 11.27026205 11.67846018 8.7609896 7.68368084 7.16108724 7.78814859 9.69720513 10.08191951 10.37741086 9.31069309 7.89316571 7.08284943 6.94828709 7.6738971 9.22523093 10.14592101 9.21215601 8.43412384 6.89890217 6.07360738 5.27127476 6.26009271 8.92536864 6.51092813 4.10330546 3.38558216 3.49165117 4.1483001 4.99433203 5.82607155 5.96591802 6.19403473 6.94100657 9.39729646 14.56401416 9.38000323
3.09225755 3.11780283 3.1412953 3.16873512 3.20017092 3.23383961 3.26833207 3.30532964 3.34832671 3.40625743 3.47974058 3.57034703 3.66356235 3.76430574 3.89001254 4.01217216 4.11028395 4.24981696 4.51104321 5.00886351 6.29394736 8.38233782 9.979286 8.5363915 6.73093533 5.75397979 5.99331034 6.8522713 7.48410216 8.11848803 9.25406404 9.25570343 7.89261858 7.17021008 7.50412008 9.05928195 11.88139553 12.29503122 13.97771297 12.07245334 9.46438347 7.45453393 7.03621121 4.95897842 4.32594854 3.70051832 3.26768038 3.24881978 3.51725679 3.959633 4.46278546 4.77601104 5.0267863 5.74045633 6.90757853 8.06566162 11.05639603
3.02715463 3.05699502 3.08766737 3.12341867 3.16252741 3.20123427 3.23633245 3.26784513 3.30219847 3.35250327 3.42966706 3.52294543 3.60567549 3.68249429 3.81238118 3.98108261 4.10098266 4.17862645 4.34059964 4.80088689 5.65714403 6.4558126 7.87257205 11.20764136 6.94808815 5.19109032 4.91579426 5.02411907 5.24395262 5.69007961 6.77591502 8.00578668 7.53167212 6.87447782 6.91128147 7.78023146 10.12343818 14.20625022 17.23939335 21.07611689 19.39749773 16.68486301 3.96478643 4.13330754 3.54989613 3.3800155 3.1943591 3.14619444 3.26159366 3.48463428 3.75713855 4.01313056 4.33378013 4.92361574 5.85481478 7.04501599 8.717343
2.97815672 3.01256617 3.05265852 3.10061438 3.15333518 3.20573397 3.25076509 3.28292183 3.30683899 3.33941572 3.41168693 3.52519156 3.62739582 3.69528146 3.80618492 4.07029248 4.34846967 4.43632747 4.56224746 4.92705948 5.61622182 6.52942697 7.5545435 7.26535189 6.32309601 5.05598917 4.49833077 4.37759646 4.43841078 4.64734307 4.98506595 5.39477785 5.80977084 5.85375157 5.9590027 6.52370112 8.05649065 7.87128156 8.71252543 11.64051878 18.53202608 43.15174536 16.87012273 7.3812854 4.60058312 3.47175166 3.21853799 3.2146986 3.25976036 3.35709054 3.49630762 3.66816393 3.88784163 4.2626187 4.90474657 5.77566713 6.72599282
